2
1
17
12
13
5
6
17
1
6
13
12
13
1
9
7
20
20
21
20
23
30
33
27
34
34
34
24
29
32
34
24
27
29
33
35
39
42
42
39
45
37
44
44
43
37
36
43
44
37
44
48
52
62
55
59
61
52
55
59
69
49
59
58
62
62
61
64
73
82
82
73
76
86
75
80
76
80
83
88
88
90
90
93
93
93
93
94
95
95
97
98
99
97
96
101
104
105
119
115
119
112
115
101
111
117
112
122
116
115
118
111
103
116
108
123
124
125
127
124
123
128
124
129
132
133
133
141
143
141
136
141
135
133
144
152
156
157
151
147
155
152
154
155
157
156
146
158
163
159
160
161
163
160
163
163
164
167
170
170
164
167
170
170
172
181
181
174
179
173
179
177
179
175
180
184
184
197
197
190
184
198
186
191
200
192
194
201
206
208
209
206
209
203
205
205
211
207
203
206
208
212
204
204
214
220
222
217
221
218
223
214
215
217
223
214
225
225
225
226
226
231
242
237
228
248
249
243
234
238
240
226
233
231
246
247
237
236
248
245
234
250
250
251
253
251
254
254
252
255
252
253
257
259
251
257
260
265
267
262
272
272
274
260
269
273
274
264
262
266
264
275
276
261
277
278
280
277
281
283
286
304
292
298
283
294
290
294
287
283
299
287
290
282
301
305
305
307
307
308
309
316
323
320
319
321
312
317
313
322
325
320
313
313
326
336
343
336
326
330
338
335
345
335
327
342
333
344
328
331
334
344
346
354
346
359
353
347
356
346
359
352
351
359
359
360
346
347
358
350
350
363
367
368
367
368
371
380
372
374
375
379
378
371
380
381
384
392
387
384
391
386
386
390
391
384
386
384
384
386
392
396
396
401
401
396
397
399
397
402
404
402
404
403
403
403
405
406
408
425
422
421
418
406
416
408
419
426
431
437
435
427
442
431
427
428
434
426
432
438
433
435
440
443
443
447
445
447
445
443
448
450
452
449
449
454
455
458
458
458
458
459
461
460
461
460
462
462
464
465
463
473
463
469
473
464
465
473
467
474
475
476
480
480
476
479
481
491
497
495
495
493
490
489
481
484
493
485
487
481
483
495
488
497
481
499
500
501
499
501
501
502
503
503
505
506
518
520
524
527
506
526
526
520
509
522
524
526
527
517
516
528
532
533
528
532
528
531
528
534
534
537
534
537
536
535
539
541
540
546
553
552
553
550
541
541
547
551
553
544
551
552
539
547
552
554
557
555
560
555
560
557
564
564
564
565
567
567
570
571
569
566
572
579
573
575
578
587
572
585
573
577
582
572
575
575
588
596
588
594
594
592
599
598
596
595
593
594
591
597
600
610
616
615
610
616
615
612
602
610
606
600
602
601
603
606
601
603
617
620
627
617
623
618
625
622
622
629
628
630
633
639
635
633
633
640
641
646
645
652
641
650
656
659
646
644
651
646
655
658
658
648
644
649
660
674
663
672
661
672
660
665
660
675
662
670
660
666
672
676
676
676
676
678
677
679
678
680
681
681
682
683
685
686
687
686
686
687
688
694
690
691
698
688
698
690
702
692
696
689
694
694
690
701
690
702
700
703
703
705
704
706
712
723
728
722
725
719
716
718
725
720
717
728
721
714
721
712
723
725
729
732
731
730
729
733
735
738
739
740
730
738
733
739
732
738
741
753
743
751
752
747
754
750
746
746
745
755
756
756
761
756
763
766
765
772
765
766
775
772
768
767
769
777
764
775
765
763
771
773
780
780
783
785
781
784
784
780
781
786
786
791
788
797
796
791
788
787
794
788
787
787
788
798
804
817
809
806
804
802
811
812
802
811
816
809
816
808
804
802
798
802
817
820
821
822
839
827
844
832
835
832
830
833
843
839
844
833
844
838
831
844
839
847
850
848
850
851
849
852
855
868
866
861
868
871
855
867
866
861
865
870
865
856
866
862
861
858
864
866
872
878
877
880
886
884
884
874
884
884
877
882
882
883
887
890
891
890
892
894
897
899
900
900
897
896
901
911
902
913
917
918
905
906
902
907
904
917
911
905
901
916
919
927
936
926
932
929
926
936
924
936
939
928
923
929
941
950
946
947
946
946
953
954
955
957
962
966
960
958
958
963
957
959
964
957
963
965
961
957
963
965
967
970
971
968
974
973
972
967
968
971
968
967
975
975
978
982
977
977
981
975
983
991
996
988
987
991
990
995
989
983
993
988
991
988
991
995
998
1002
1004
1004
1003
1001
1005
1013
1008
1007
1005
1005
1006
1015
1011
1012
1005
1016
1018
1017
1020
1016
1021
1023
1023
1021
1026
1021
1024
1027
1037
1027
1039
1030
1032
1045
1037
1035
1036
1043
1042
1032
1031
1040
1042
1037
1047
1049
1053
1051
1052
1052
1057
1058
1071
1066
1063
1066
1075
1074
1068
1074
1075
1072
1075
1066
1074
1066
1065
1070
1065
1060
1076
1088
1080
1088
1083
1080
1081
1088
1091
1091
1089
1088
1091
1077
1080
1081
1081
1079
1084
1092
1095
1100
1099
1096
1099
1092
1101
1110
1106
1107
1104
1116
1107
1105
1108
1112
1101
1115
1102
1106
1102
1107
1117
1118
1119
1119
1121
1124
1125
1127
1126
1131
1133
1129
1133
1131
1132
1130
1124
1122
1129
1123
1130
1126
1134
1135
1135
1136
1141
1144
1142
1142
1145
1142
1142
1146
1158
1149
1157
1149
1153
1160
1159
1151
1151
1155
1153
1154
1152
1159
1153
1148
1161
1162
1163
1163
1163
1165
1161
1166
1176
1178
1177
1168
1167
1171
1178
1173
1167
1170
1171
1179
1182
1197
1194
1189
1196
1183
1197
1193
1198
1196
1187
1189
1197
1193
1194
1191
1185
1199
1203
1204
1199
1200
1202
1206
1203
1201
1201
1204
1206
1207
1208
1212
1218
1211
1215
1213
1210
1218
1213
1215
1214
1218
1207
1215
1209
1210
1219
1224
1228
1224
1227
1220
1227
1219
1225
1230
1226
1221
1222
1219
1225
1232
1260
1241
1253
1245
1240
1253
1257
1250
1242
1240
1234
1237
1233
1254
1256
1260
1250
1250
1255
1265
1266
1275
1277
1274
1269
1271
1277
1269
1278
1283
1282
1286
1278
1286
1281
1279
1287
1279
1285
1288
1293
1299
1294
1297
1288
1289
1294
1298
1292
1294
1293
1300
1308
1301
1300
1312
1303
1307
1314
1302
1310
1307
1309
1303
1314
1301
1315
1323
1325
1326
1319
1317
1319
1320
1320
1321
1321
1319
1328
1337
1335
1332
1333
1332
1329
1336
1333
1329
1332
1336
1335
1329
1337
1338
1347
1342
1342
1346
1346
1339
1338
1345
1342
1341
1338
1345
1338
1348
1367
1360
1359
1366
1351
1358
1358
1368
1354
1358
1360
1349
1361
1361
1360
1360
1361
1365
1351
1357
1369
1369
1372
1379
1376
1377
1379
1377
1379
1372
1380
1381
1388
1388
1380
1390
1393
1382
1380
1387
1381
1380
1391
1390
1387
1385
1381
1387
1380
1394
1395
1404
1396
1398
1403
1403
1403
1398
1405
1413
1408
1415
1409
1417
1414
1417
1415
1411
1411
1413
1408
1414
1411
1418
1420
1424
1426
1421
1424
1423
1421
1431
1427
1427
1428
1419
1418
1421
1436
1442
1440
1440
1442
1444
1437
1437
1439
1444
1448
1459
1458
1459
1461
1453
1457
1456
1455
1460
1461
1465
1460
1454
1466
1467
1477
1469
1468
1469
1480
1484
1468
1466
1475
1470
1484
1466
1476
1481
1470
1479
1485
1491
1491
1487
1489
1493
1495
1493
1495
1497
1499
1501
1512
1506
1506
1511
1499
1507
1507
1502
1511
1510
1509
1501
1509
1507
1513
1519
1516
1526
1531
1513
1523
1524
1516
1518
1516
1513
1525
1530
1518
1532
1542
1539
1536
1533
1536
1535
1535
1541
1543
1541
1542
1534
1539
1544
1556
1561
1560
1552
1544
1549
1558
1546
1554
1560
1548
1558
1550
1545
1552
1544
1552
1561
1557
1562
1565
1569
1573
1572
1571
1571
1574
1576
1582
1575
1586
1574
1576
1576
1586
1588
1588
1594
1589
1594
1588
1606
1593
1593
1590
1607
1612
1608
1608
1613
1608
1610
1614
1614
1607
1607
1609
1607
1610
1609
1615
1615
1617
1620
1619
1620
1622
1619
1620
1621
1620
1625
1629
1639
1629
1642
1625
1633
1625
1635
1644
1636
1629
1632
1635
1645
1652
1647
1647
1645
1646
1647
1649
1652
1653
1654
1657
1665
1666
1659
1667
1667
1666
1667
1665
1664
1655
1659
1655
1666
1664
1662
1657
1668
1668
1668
1668
1669
1674
1674
1675
1673
1672
1671
1672
1673
1676
1680
1677
1677
1678
1677
1681
1681
1681
1679
1679
1677
1682
1682
1682
1682
1682
1684
1684
1694
1690
1688
1695
1690
1694
1685
1688
1695
1685
1692
1685
1690
1692
1688
1696
1696
1697
1698
1702
1705
1703
1701
1704
1703
1706
1706
1707
1712
1710
1709
1711
1714
1716
1728
1720
1722
1722
1727
1720
1716
1721
1719
1718
1723
1719
1724
1727
1730
1723
1718
1721
1727
1731
1741
1732
1735
1731
1738
1734
1738
1733
1737
1735
1743
1747
1754
1760
1748
1752
1745
1760
1747
1749
1754
1761
1764
1773
1769
1765
1769
1774
1765
1770
1772
1769
1762
1774
1765
1761
1775
1769
1778
1781
1781
1778
1778
1778
1778
1778
1781
1784
1786
1784
1785
1788
1788
1786
1789
1784
1791
1792
1791
1792
1793
1800
1794
1796
1795
1794
1795
1801
1808
1808
1806
1809
1803
1805
1810
1807
1808
1806
1814
1819
1817
1820
1816
1814
1815
1819
1820
1818
1815
1817
1819
1822
1828
1825
1822
1827
1827
1822
1829
1833
1834
1838
1831
1834
1836
1832
1837
1832
1831
1829
1831
1839
1838
1838
1829
1838
1830
1841
1831
1842
1842
1842
1845
1845
1847
1847
1850
1845
1845
1849
1850
1850
1850
1845
1851
1855
1853
1857
1859
1857
1852
1852
1861
1852
1856
1859
1852
1863
1864
1875
1874
1870
1873
1863
1878
1866
1865
1864
1879
1880
1880
1880
1881
1885
1891
1889
1888
1888
1889
1889
1891
1891
1883
1882
1888
1881
1892
1895
1899
1893
1901
1902
1894
1898
1892
1893
1903
1908
1907
1909
1904
1906
1909
1905
1910
1910
1909
1904
1905
1909
1911
1913
1920
1911
1912
1918
1912
1914
1921
1923
1944
1932
1928
1922
1932
1944
1944
1930
1936
1932
1930
1923
1941
1921
1930
1934
1941
1936
1945
1948
1945
1945
1950
1946
1949
1951
1948
1953
1948
1950
1952
1950
1954
1962
1962
1967
1954
1964
1959
1954
1960
1963
1962
1959
1968
1971
1969
1969
1970
1972
1976
1979
1978
1973
1972
1981
1978
1974
1977
1978
1973
1976
1978
1982
2002
1986
1992
1991
2001
1993
1985
1988
1986
1988
1993
1983
1997
1996
1991
2003
1993
1994
2004
2004
2004
2004
2006
2006
2015
2024
2025
2018
2020
2022
2028
2018
2015
2010
2024
2028
2020
2024
2030
2031
2033
2037
2036
2041
2030
2038
2036
2034
2030
2038
2038
2042
2054
2043
2043
2044
2050
2051
2057
2044
2054
2049
2055
2059
2059
2057
2044
2055
2050
2060
2077
2066
2068
2073
2081
2080
2063
2075
2070
2063
2072
2072
2076
2069
2070
2081
2075
2068
2082
2086
2088
2084
2086
2085
2083
2088
2090
2110
2109
2103
2105
2100
2101
2095
2092
2109
2109
2107
2098
2105
2095
2101
2092
2091
2113
2115
2116
2114
2118
2117
2117
2113
2120
2133
2131
2128
2131
2124
2132
2124
2133
2134
2122
2132
2128
2135
2120
2136
2145
2136
2149
2137
2143
2137
2139
2149
2139
2140
2136
2137
2150
2151
2152
2152
2153
2161
2159
2157
2158
2153
2159
2160
2158
2159
2162
2168
2173
2170
2164
2170
2168
2166
2169
2174
2176
2174
2177
2175
2174
2179
2179
2181
2179
2180
2185
2183
2184
2184
2187
2194
2196
2194
2200
2189
2198
2199
2192
2192
2200
2193
2188
2201
2203
2205
2205
2203
2201
2202
2206
2206
2214
2212
2208
2212
2213
2213
2215
2215
2209
2218
2232
2231
2227
2224
2229
2233
2229
2231
2219
2228
2222
2231
2223
2218
2234
2234
2234
2236
2236
2237
2242
2241
2243
2237
2244
2240
2241
2245
2260
2247
2262
2253
2266
2248
2264
2246
2247
2253
2269
2269
2258
2254
2263
2253
2254
2272
2284
2281
2294
2280
2277
2292
2292
2276
2272
2294
2292
2272
2287
2288
2290
2281
2280
2287
2288
2295
2296
2296
2297
2302
2306
2307
2297
2300
2297
2308
2307
2302
2303
2310
2310
2315
2317
2316
2328
2315
2317
2316
2317
2315
2324
2320
2314
2311
2315
2330
2318
2310
2333
2334
2335
2333
2336
2338
2341
2342
2338
2346
2340
2347
2350
2349
2351
2348
2352
2351
2351
2348
2352
2349
2353
2366
2366
2356
2368
2358
2367
2356
2367
2367
2361
2359
2354
2367
2368
2369
2371
2373
2370
2374
2371
2372
2369
2376
2382
2382
2376
2376
2381
2378
2382
2379
2383
2384
2385
2388
2386
2388
2385
2384
2389
2399
2399
2403
2395
2399
2396
2404
2391
2397
2390
2391
2392
2392
2390
2401
2403
2391
2405
2414
2406
2407
2406
2420
2410
2415
2410
2418
2421
2406
2424
2426
2424
2430
2425
2425
2429
2429
2429
2425
2429
2431
2436
2432
2439
2438
2433
2440
2454
2443
2451
2450
2446
2454
2441
2451
2443
2452
2446
2447
2443
2443
2449
2450
2442
2455
2469
2468
2455
2466
2471
2469
2464
2471
2469
2469
2456
2472
2472
2456
2458
2470
2467
2462
2460
2460
2475
2487
2486
2489
2478
2486
2485
2480
2478
2479
2477
2490
2505
2505
2493
2506
2502
2504
2502
2501
2495
2493
2499
2503
2500
2505
2493
2492
2492
2504
2507
2509
2515
2509
2512
2507
2507
2515
2511
2511
2516
2519
2528
2528
2524
2516
2525
2516
2527
2522
2521
2516
2517
2523
2521
2523
2518
2520
2528
2527
2532
2543
2540
2544
2536
2534
2539
2535
2544
2535
2545
2555
2563
2547
2547
2551
2562
2559
2552
2546
2554
2546
2563
2556
2553
2551
2560
2551
2556
2564
2568
2565
2583
2574
2564
2581
2577
2566
2575
2566
2573
2578
2568
2564
2580
2567
2568
2582
2576
2581
2585
2586
2590
2595
2590
2592
2593
2589
2592
2587
2586
2589
2590
2586
2594
2596
2596
2614
2599
2613
2601
2596
2615
2612
2605
2617
2598
2615
2615
2606
2610
2618
2625
2618
2621
2626
2622
2618
2629
2625
2619
2621
2618
2627
2618
2626
2630
2633
2631
2632
2634
2636
2633
2634
2642
2636
2634
2634
2642
2631
2630
2638
2637
2644
2644
2646
2653
2649
2648
2651
2652
2653
2648
2655
2651
2653
2653
2649
2657
2662
2670
2658
2668
2659
2670
2671
2666
2668
2667
2663
2658
2658
2669
2659
2658
2666
2657
2665
2661
2673
2676
2675
2674
2675
2675
2677
2674
2678
2681
2681
2678
2682
2683
2685
2683
2683
2684
2685
2684
2684
2688
2698
2695
2692
2701
2705
2694
2688
2689
2704
2688
2698
2696
2702
2697
2701
2690
2699
2698
2694
2706
2709
2708
2708
2712
2717
2716
2719
2718
2717
2713
2720
2727
2724
2712
2714
2714
2719
2724
2725
2715
2731
2734
2753
2745
2753
2750
2741
2743
2736
2737
2740
2732
2742
2748
2749
2735
2740
2741
2753
2733
2742
2754
2758
2763
2763
2759
2755
2763
2763
2766
2781
2783
2784
2769
2783
2778
2774
2783
2779
2769
2778
2771
2774
2778
2785
2788
2798
2797
2803
2788
2788
2790
2803
2801
2799
2803
2798
2804
2793
2799
2788
2794
2804
2790
2803
2805
2806
2808
2810
2809
2809
2818
2815
2818
2807
2811
2814
2807
2810
2816
2817
2819
2831
2819
2828
2833
2827
2830
2830
2820
2823
2819
2820
2827
2833
2822
2828
2833
2831
2824
2833
2820
2834
2840
2835
2837
2834
2841
2843
2852
2847
2843
2848
2844
2851
2850
2844
2844
2854
2867
2861
2866
2861
2864
2858
2858
2863
2857
2855
2860
2857
2862
2869
2855
2870
2884
2873
2870
2882
2878
2874
2872
2875
2875
2874
2872
2884
2885
2885
2891
2891
2889
2891
2888
2893
2888
2895
2899
2898
2903
2895
2901
2908
2900
2896
2901
2900
2907
2903
2907
2906
2903
2904
2908
2899
2900
2910
2921
2919
2925
2918
2925
2917
2915
2916
2924
2929
2915
2925
2925
2930
2934
2934
2940
2935
2935
2933
2938
2931
2936
2936
2931
2933
2935
2938
2937
2942
2949
2948
2943
2946
2942
2948
2949
2949
2949
2946
2953
2951
2949
2954
2957
2959
2977
2970
2964
2971
2977
2959
2976
2970
2977
2973
2959
2978
2978
2964
2978
2972
2976
2971
2975
2969
2980
2982
2983
2985
2987
2984
2987
2991
2991
2991
2992
2996
3001
3007
3011
3001
3002
3007
3004
3010
3007
3003
3001
3011
3009
3003
3012
3019
3019
3014
3021
3015
3021
3020
3014
3013
3019
3014
3024
3027
3028
3025
3029
3028
3030
3029
3029
3033
3048
3040
3036
3051
3034
3051
3049
3045
3051
3049
3035
3044
3052
3054
3051
3047
3048
3048
3039
3037
3055
3063
3062
3055
3057
3059
3055
3056
3057
3062
3057
3064
3059
3065
3081
3078
3066
3075
3073
3070
3076
3073
3067
3083
3070
3073
3072
3080
3080
3082
3078
3076
3083
3067
3085
3086
3089
3093
3091
3093
3094
3098
3102
3096
3097
3096
3104
3104
3097
3096
3094
3105
3107
3107
3109
3108
3109
3107
3107
3107
3110
3114
3123
3124
3126
3112
3114
3129
3113
3122
3124
3115
3118
3110
3116
3127
3115
3130
3133
3132
3130
3132
3130
3135
3133
3136
3137
3149
3145
3137
3139
3141
3143
3145
3141
3150
3145
3146
3139
3143
3145
3145
3142
3141
3146
3151
3165
3167
3156
3154
3155
3153
3157
3154
3161
3154
3164
3160
3163
3167
3167
3162
3156
3161
3164
3167
3168
3170
3171
3171
3179
3181
3170
3170
3178
3173
3185
3198
3197
3193
3187
3188
3201
3185
3200
3191
3190
3189
3197
3189
3200
3194
3203
3206
3204
3204
3206
3205
3203
3207
3213
3212
3212
3211
3213
3212
3213
3208
3214
3218
3222
3223
3216
3219
3217
3219
3215
3215
3224
3223
3223
3225
3227
3225
3230
3230
3226
3229
3233
3230
3230
3234
3231
3227
3232
3229
3237
3238
3237
3240
3242
3252
3248
3253
3241
3241
3240
3247
3251
3243
3250
3254
3267
3263
3266
3264
3257
3267
3264
3269
3259
3268
3265
3269
3254
3262
3254
3264
3264
3261
3256
3271
3275
3271
3271
3283
3273
3281
3288
3272
3275
3282
3283
3275
3280
3273
3274
3290
3310
3320
3307
3296
3305
3304
3316
3318
3300
3306
3316
3320
3294
3317
3313
3291
3308
3299
3305
3292
3322
3324
3326
3324
3326
3324
3327
3327
3327
3328
3330
3341
3344
3328
3337
3331
3334
3329
3343
3332
3342
3335
3339
3343
3333
3341
3330
3345
3346
3346
3349
3350
3350
3351
3360
3353
3354
3355
3353
3357
3351
3359
3358
3353
3351
3360
3357
3360
3357
3364
3362
3365
3366
3372
3367
3367
3365
3372
3368
3369
3369
3369
3366
3369
3370
3367
3373
3384
3381
3378
3383
3382
3375
3380
3381
3382
3377
3376
3385
3400
3404
3409
3392
3405
3392
3387
3404
3406
3409
3387
3398
3404
3406
3385
3386
3413
3413
3414
3427
3421
3427
3421
3425
3417
3418
3422
3428
3427
3426
3429
3435
3446
3446
3439
3431
3447
3432
3436
3429
3438
3431
3448
3453
3452
3455
3450
3449
3449
3451
3450
3450
3451
3456
3461
3456
3463
3462
3459
3459
3459
3461
3464
3470
3467
3483
3478
3464
3470
3472
3482
3486
3477
3473
3464
3478
3466
3477
3470
3468
3465
3487
3492
3487
3487
3491
3488
3491
3492
3493
3493
3494
3503
3497
3499
3505
3498
3506
3494
3503
3507
3520
3516
3519
3507
3511
3515
3519
3508
3510
3519
3512
3518
3508
3515
3511
3515
3521
3521
3524
3523
3525
3522
3527
3541
3533
3545
3535
3545
3543
3538
3544
3532
3540
3543
3532
3536
3538
3546
3553
3555
3551
3548
3557
3549
3559
3572
3575
3577
3572
3573
3571
3577
3560
3565
3564
3573
3565
3567
3574
3581
3592
3584
3591
3581
3594
3600
3597
3585
3583
3600
3581
3587
3591
3598
3582
3589
3587
3589
3599
3592
3601
3606
3603
3610
3612
3608
3612
3611
3601
3606
3603
3601
3613
3617
3615
3617
3615
3617
3616
3616
3613
3617
3618
3621
3624
3625
3625
3618
3622
3630
3639
3639
3634
3636
3631
3631
3633
3637
3632
3637
3635
3635
3640
3648
3654
3643
3641
3648
3658
3648
3640
3640
3646
3659
3650
3645
3655
3647
3645
3656
3660
3660
3660
3661
3675
3662
3661
3668
3673
3666
3676
3674
3671
3672
3668
3672
3668
3663
3671
3665
3667
3666
3677
3678
3679
3679
3680
3680
3681
3686
3682
3681
3683
3684
3683
3682
3683
3684
3687
3692
3690
3704
3696
3697
3691
3699
3689
3704
3703
3693
3687
3695
3705
3708
3709
3705
3707
3711
3709
3706
3712
3708
3714
3720
3714
3722
3716
3723
3716
3726
3714
3714
3714
3719
3716
3720
3716
3716
3722
3719
3725
3719
3725
3727
3732
3733
3731
3735
3728
3728
3736
3730
3729
3734
3730
3728
3735
3737
3737
3738
3739
3739
3740
3741
3741
3752
3763
3758
3751
3763
3745
3761
3761
3748
3747
3743
3748
3760
3759
3741
3761
3763
3754
3749
3764
3764
3764
3764
3767
3774
3770
3770
3772
3776
3768
3769
3776
3768
3770
3777
3778
3778
3777
3772
3779
3779
3780
3779
3784
3784
3784
3784
3785
3793
3788
3795
3796
3786
3794
3787
3785
3786
3796
3789
3786
3790
3796
3794
3797
3800
3800
3801
3806
3806
3806
3804
3804
3804
3804
3803
3808
3807
3804
3809
3810
3826
3813
3819
3822
3822
3826
3818
3825
3825
3823
3823
3828
3822
3819
3828
3822
3822
3825
3810
3830
3831
3834
3843
3830
3842
3834
3830
3842
3838
3843
3845
3849
3845
3850
3850
3852
3861
3862
3853
3861
3860
3859
3858
3864
3877
3869
3866
3872
3872
3876
3877
3874
3870
3865
3868
3875
3867
3866
3878
3878
3880
3892
3894
3884
3883
3887
3889
3887
3895
3883
3888
3892
3880
3886
3882
3880
3893
3886
3888
3884
3896
3898
3900
3901
3901
3907
3910
3908
3907
3909
3914
3906
3901
3901
3910
3912
3907
3908
3911
3907
3906
3915
3915
3919
3918
3917
3918
3918
3918
3917
3916
3920
3922
3925
3928
3929
3933
3938
3933
3945
3941
3939
3932
3928
3940
3937
3935
3938
3931
3931
3938
3938
3930
3944
3946
3959
3959
3952
3948
3960
3961
3965
3951
3958
3965
3959
3951
3953
3959
3965
3959
3966
3970
3970
3968
3967
3966
3970
3971
3974
3979
3979
3973
3973
3976
3981
3981
3975
3980
3981
3976
3982
3975
3981
3983
3991
3984
3983
3988
3991
3987
3990
3987
3983
3987
3992
4001
4003
4008
4012
3992
4019
4005
4008
4012
3994
4011
4014
4005
4007
4013
4007
4015
4005
3998
4006
4020
4035
4031
4027
4024
4032
4031
4026
4039
4029
4034
4023
4024
4030
4027
4024
4032
4027
4034
4027
4041
4045
4045
4045
4046
4042
4041
4047
4064
4064
4064
4064
4060
4064
4051
4065
4050
4047
4057
4066
4062
4047
4052
4048
4067
4068
4071
4069
4073
4070
4071
4070
4068
4069
4074
4074
4085
4083
4086
4082
4083
4081
4076
4078
4088
4086
4078
4083
4082
4081
4083
4087
4089
4093
4090
4095
4094
4091
