1
2
3
2
4
6
15
4
16
11
15
7
13
4
10
15
17
17
6
18
27
32
29
35
29
33
23
36
36
38
37
45
40
36
41
37
39
46
48
46
53
50
47
54
55
57
57
59
58
60
72
74
66
60
69
62
69
62
66
73
60
63
72
60
75
60
66
76
78
82
79
83
83
84
80
80
81
79
84
77
85
103
102
98
95
106
103
99
91
93
107
87
95
106
97
87
102
98
86
89
106
109
109
109
109
109
111
112
112
112
113
112
115
129
129
128
133
125
115
125
126
123
129
124
124
124
132
117
124
118
133
134
135
135
135
135
134
136
142
146
154
150
143
142
138
155
152
144
150
148
149
148
146
156
159
163
161
157
158
165
168
169
166
168
170
168
168
171
171
174
174
173
175
175
181
178
175
177
176
177
175
178
181
179
175
180
182
197
182
194
188
197
183
200
184
203
194
191
185
188
204
192
207
212
219
218
215
216
213
209
209
214
212
217
210
220
222
225
223
223
222
220
229
236
237
242
230
229
240
240
233
242
243
256
256
248
243
246
244
247
257
243
253
244
247
251
259
246
258
255
253
260
267
266
263
264
265
268
278
280
273
278
270
272
272
274
281
279
279
281
281
269
273
276
280
281
283
289
292
286
286
286
284
292
288
289
284
294
301
302
299
302
298
294
297
296
296
297
303
305
306
306
308
308
320
322
326
327
322
312
325
334
319
324
334
326
317
317
331
334
328
326
315
335
338
337
346
350
348
345
337
345
349
344
346
352
359
358
361
354
357
359
354
352
360
353
358
361
364
369
365
370
364
368
365
368
365
371
371
365
369
365
372
379
384
381
388
374
376
379
381
379
375
385
375
386
380
389
397
393
391
391
389
393
397
391
393
401
407
415
409
410
404
412
406
414
407
417
419
419
419
418
419
421
420
422
418
424
427
434
430
426
433
434
424
432
434
425
438
455
444
455
463
456
462
454
456
458
458
456
460
444
463
451
460
452
442
454
441
469
472
471
476
470
472
477
483
483
472
475
481
484
484
484
487
503
487
494
505
500
494
489
498
492
504
491
502
503
496
496
497
498
491
507
508
509
507
510
518
523
526
527
526
523
520
526
524
516
515
521
514
517
527
516
528
533
533
530
532
535
537
544
541
543
544
544
539
539
540
539
538
540
541
545
551
549
546
556
552
549
553
551
552
550
546
556
552
553
552
557
569
562
558
557
567
568
558
564
560
557
565
570
564
573
582
582
574
573
585
587
579
587
575
592
583
584
577
573
591
592
593
598
595
593
593
593
595
607
608
600
599
606
608
605
602
610
612
616
610
616
613
618
619
610
610
618
620
628
627
627
621
629
628
621
620
623
622
624
622
620
630
636
632
637
633
637
630
638
641
652
644
641
646
641
651
639
653
644
653
651
646
649
645
643
652
646
640
655
656
658
655
658
657
661
665
661
665
662
661
666
666
668
668
670
669
667
669
669
671
685
686
686
683
673
672
673
680
672
686
671
676
682
673
684
675
671
679
688
691
693
688
689
694
691
693
692
695
696
688
688
691
699
700
705
700
699
700
702
699
702
704
706
712
712
716
715
712
708
714
718
709
709
719
708
708
707
718
719
706
712
723
726
724
730
734
726
733
729
734
725
723
735
736
745
747
747
740
749
740
748
742
750
742
736
739
746
747
739
746
748
741
743
751
759
753
766
762
766
753
766
763
751
764
765
756
752
761
767
762
769
777
777
776
777
780
770
779
779
770
775
783
786
787
783
784
784
788
786
789
799
805
800
804
804
810
800
802
790
794
797
789
801
790
806
796
811
808
813
814
820
822
817
825
820
813
824
817
822
822
818
820
824
818
826
831
827
831
830
829
827
826
829
830
830
830
830
827
834
842
839
845
852
845
836
847
839
851
847
838
838
851
839
842
848
853
837
854
855
854
856
861
856
860
857
858
859
857
862
862
871
863
871
872
862
864
862
871
868
863
865
864
862
868
873
886
877
884
887
887
886
877
874
885
886
879
887
888
896
900
891
890
913
890
910
910
895
905
910
908
903
892
915
892
911
902
894
917
920
920
919
917
918
917
921
924
936
926
933
930
936
936
932
925
930
940
959
951
962
949
958
956
950
958
949
949
946
955
954
960
959
963
979
976
964
970
963
980
970
980
965
970
983
976
976
982
983
973
982
970
975
984
987
997
984
994
994
992
990
988
988
989
985
996
993
986
984
987
997
989
998
999
998
998
1000
1001
1000
1000
1001
1000
1003
1008
1006
1011
1005
1011
1010
1004
1010
1010
1004
1003
1011
1013
1013
1013
1014
1013
1025
1025
1014
1020
1018
1022
1020
1014
1027
1028
1023
1020
1019
1026
1019
1013
1025
1032
1033
1033
1034
1040
1039
1034
1036
1034
1034
1041
1036
1037
1039
1035
1037
1042
1047
1048
1042
1051
1043
1045
1046
1044
1053
1042
1044
1055
1059
1057
1067
1062
1056
1072
1066
1063
1056
1056
1068
1067
1062
1074
1063
1068
1057
1056
1074
1066
1075
1075
1075
1078
1078
1075
1080
1080
1091
1090
1083
1094
1081
1083
1086
1086
1091
1096
1092
1090
1094
1090
1097
1098
1098
1104
1099
1102
1103
1105
1105
1106
1108
1108
1110
1112
1111
1110
1112
1113
1123
1120
1125
1130
1122
1113
1123
1126
1124
1128
1118
1127
1119
1115
1115
1120
1128
1120
1131
1131
1131
1134
1132
1134
1134
1135
1144
1149
1144
1146
1140
1145
1148
1138
1140
1146
1148
1139
1143
1139
1137
1149
1150
1154
1154
1150
1153
1154
1155
1159
1156
1165
1168
1164
1167
1167
1165
1169
1167
1162
1170
1170
1177
1170
1184
1171
1175
1184
1179
1182
1174
1171
1186
1188
1187
1186
1186
1190
1201
1204
1206
1193
1193
1202
1195
1196
1190
1201
1199
1194
1198
1199
1204
1201
1206
1207
1223
1215
1216
1211
1208
1210
1219
1209
1214
1210
1214
1222
1225
1235
1238
1228
1237
1240
1225
1235
1240
1233
1236
1231
1238
1241
1247
1246
1251
1248
1245
1242
1253
1244
1246
1251
1254
1242
1248
1254
1246
1249
1256
1259
1262
1261
1262
1259
1263
1261
1261
1266
1260
1257
1259
1267
1267
1268
1274
1275
1276
1273
1267
1274
1271
1273
1277
1284
1277
1287
1283
1279
1285
1282
1289
1281
1278
1286
1283
1284
1283
1287
1288
1282
1289
1281
1285
1291
1295
1295
1292
1292
1300
1301
1300
1291
1293
1292
1302
1305
1292
1304
1305
1304
1299
1294
1308
1309
1309
1310
1312
1312
1314
1315
1315
1314
1316
1316
1318
1320
1320
1322
1318
1323
1322
1319
1318
1325
1326
1326
1325
1327
1330
1334
1334
1335
1339
1350
1348
1328
1354
1343
1346
1344
1350
1333
1339
1350
1350
1354
1355
1367
1365
1365
1376
1372
1374
1358
1371
1360
1363
1375
1371
1361
1370
1358
1355
1370
1367
1367
1380
1382
1380
1381
1385
1385
1389
1390
1391
1390
1392
1394
1395
1406
1393
1399
1397
1406
1397
1404
1404
1394
1400
1400
1407
1399
1398
1406
1393
1403
1408
1408
1408
1408
1409
1409
1410
1422
1420
1422
1416
1424
1425
1419
1415
1426
1416
1426
1421
1417
1427
1430
1427
1432
1427
1427
1428
1435
1445
1447
1440
1436
1455
1439
1438
1447
1455
1446
1441
1454
1451
1437
1446
1440
1435
1447
1447
1456
1459
1463
1470
1471
1466
1464
1463
1470
1463
1465
1468
1465
1473
1473
1474
1480
1474
1476
1474
1476
1479
1473
1477
1479
1481
1474
1480
1477
1481
1474
1483
1485
1484
1487
1485
1489
1497
1496
1494
1492
1490
1504
1489
1500
1490
1504
1491
1500
1490
1494
1493
1493
1506
1498
1498
1507
1509
1508
1510
1507
1511
1512
1515
1508
1517
1518
1517
1519
1526
1519
1532
1528
1526
1532
1519
1520
1521
1530
1530
1523
1523
1524
1524
1530
1534
1535
1549
1554
1541
1546
1544
1548
1548
1543
1537
1538
1551
1553
1538
1539
1551
1539
1554
1556
1559
1558
1561
1558
1559
1558
1558
1557
1557
1556
1559
1557
1562
1578
1578
1562
1565
1580
1570
1580
1563
1575
1565
1582
1582
1574
1576
1579
1585
1588
1585
1590
1589
1594
1586
1589
1596
1605
1597
1596
1597
1598
1596
1602
1608
1596
1606
1597
1597
1605
1609
1609
1615
1610
1620
1624
1623
1615
1624
1621
1621
1609
1621
1618
1616
1616
1625
1625
1626
1637
1639
1637
1629
1635
1634
1627
1627
1629
1633
1632
1632
1634
1641
1641
1641
1645
1661
1650
1650
1658
1661
1649
1661
1651
1659
1654
1655
1653
1664
1669
1669
1669
1664
1667
1667
1666
1666
1670
1671
1670
1674
1671
1676
1677
1680
1687
1680
1688
1686
1682
1682
1682
1681
1686
1689
1698
1690
1690
1691
1698
1700
1700
1701
1702
1702
1710
1706
1706
1708
1707
1707
1705
1703
1711
1717
1716
1725
1724
1724
1724
1712
1716
1713
1713
1724
1715
1719
1721
1723
1712
1727
1748
1735
1743
1735
1732
1740
1736
1736
1747
1733
1738
1728
1743
1735
1749
1749
1750
1750
1752
1754
1754
1757
1753
1754
1752
1758
1764
1763
1765
1760
1764
1762
1761
1759
1762
1758
1765
1765
1762
1760
1766
1770
1769
1787
1774
1780
1781
1783
1771
1768
1782
1781
1777
1773
1769
1783
1779
1786
1773
1790
1799
1800
1793
1791
1800
1799
1792
1797
1793
1792
1802
1805
1806
1808
1807
1806
1803
1809
1819
1819
1824
1815
1811
1819
1815
1823
1823
1815
1814
1822
1824
1823
1829
1834
1838
1845
1830
1834
1833
1834
1844
1830
1836
1845
1840
1835
1833
1840
1839
1842
1846
1855
1852
1846
1856
1854
1848
1857
1851
1851
1859
1862
1859
1859
1863
1865
1869
1882
1874
1865
1868
1883
1869
1876
1882
1871
1869
1879
1878
1871
1868
1871
1871
1885
1889
1888
1889
1886
1886
1885
1890
1890
1891
1892
1893
1900
1904
1896
1903
1896
1905
1892
1907
1909
1912
1923
1908
1910
1909
1920
1908
1913
1922
1919
1918
1919
1913
1924
1914
1925
1935
1925
1935
1935
1927
1936
1937
1925
1936
1938
1932
1932
1929
1926
1934
1939
1939
1942
1941
1941
1943
1944
1943
1945
1955
1961
1960
1947
1949
1959
1955
1946
1953
1951
1955
1945
1962
1955
1961
1963
1963
1963
1968
1969
1967
1968
1967
1963
1970
1970
1982
1976
1988
1989
1988
1978
1985
1974
1987
1978
1972
1983
1979
1989
1971
1987
1972
1986
1975
1982
1990
1991
1992
1994
1995
2014
2009
1996
2001
2014
2013
2001
2008
1998
2006
2003
2006
2015
2026
2021
2030
2038
2028
2023
2038
2030
2029
2040
2019
2027
2025
2032
2020
2027
2034
2037
2024
2037
2043
2053
2048
2048
2053
2048
2049
2046
2047
2054
2071
2060
2062
2054
2067
2069
2072
2062
2071
2070
2059
2055
2067
2056
2054
2071
2066
2073
2081
2085
2078
2079
2085
2088
2085
2085
2077
2078
2085
2082
2079
2088
2077
2087
2086
2086
2076
2091
2093
2091
2095
2097
2110
2111
2107
2100
2103
2109
2101
2102
2101
2098
2110
2107
2112
2112
2119
2114
2118
2114
2113
2116
2115
2121
2132
2122
2128
2136
2138
2128
2140
2124
2130
2136
2124
2129
2132
2130
2130
2121
2127
2132
2141
2142
2141
2145
2144
2146
2159
2167
2154
2158
2146
2147
2166
2160
2161
2161
2162
2156
2164
2151
2155
2165
2155
2168
2170
2168
2171
2181
2180
2177
2176
2180
2177
2174
2174
2177
2182
2173
2182
2178
2185
2194
2195
2192
2207
2206
2196
2203
2207
2199
2198
2187
2206
2197
2191
2195
2194
2199
2210
2220
2214
2227
2218
2224
2215
2215
2216
2227
2228
2216
2212
2215
2229
2234
2233
2233
2242
2231
2232
2229
2236
2231
2241
2242
2242
2229
2240
2243
2249
2250
2245
2244
2245
2250
2248
2248
2251
2246
2244
2253
2255
2253
2254
2254
2257
2271
2265
2261
2267
2263
2262
2278
2283
2269
2271
2267
2281
2282
2278
2278
2258
2262
2264
2284
2296
2291
2284
2295
2292
2290
2284
2296
2285
2294
2292
2298
2296
2297
2290
2289
2295
2300
2321
2323
2322
2306
2301
2310
2319
2311
2313
2306
2314
2314
2306
2321
2308
2321
2304
2315
2301
2325
2326
2329
2329
2332
2332
2326
2329
2326
2330
2334
2334
2334
2334
2335
2345
2345
2339
2345
2344
2339
2341
2335
2343
2343
2347
2366
2355
2363
2362
2369
2357
2367
2363
2367
2352
2358
2359
2348
2368
2354
2364
2362
2366
2371
2372
2372
2371
2371
2372
2373
2380
2387
2388
2385
2387
2382
2384
2380
2387
2379
2388
2381
2373
2391
2387
2389
2375
2389
2383
2375
2392
2396
2394
2397
2394
2396
2396
2393
2392
2394
2393
2397
2398
2411
2408
2411
2401
2405
2403
2403
2415
2408
2398
2406
2416
2400
2398
2411
2418
2417
2419
2420
2422
2419
2419
2421
2424
2427
2428
2429
2425
2431
2425
2430
2425
2431
2428
2425
2430
2432
2427
2435
2435
2451
2443
2447
2438
2439
2446
2443
2437
2451
2439
2438
2453
2469
2453
2457
2453
2469
2467
2458
2459
2462
2454
2458
2459
2470
2459
2453
2463
2456
2472
2481
2478
2480
2475
2482
2482
2480
2472
2484
2486
2492
2497
2490
2493
2492
2495
2492
2495
2490
2497
2484
2488
2493
2486
2484
2498
2504
2501
2506
2501
2500
2498
2501
2502
2505
2500
2507
2508
2518
2507
2509
2516
2511
2510
2517
2515
2507
2515
2520
2520
2521
2527
2521
2536
2538
2534
2530
2526
2525
2525
2526
2525
2536
2529
2531
2530
2534
2527
2539
2537
2529
2540
2541
2542
2544
2543
2544
2543
2549
2550
2552
2557
2569
2574
2554
2554
2564
2573
2558
2561
2554
2556
2558
2560
2573
2556
2552
2555
2555
2577
2580
2577
2580
2577
2579
2577
2577
2580
2581
2589
2584
2587
2589
2587
2585
2588
2584
2587
2586
2589
2585
2585
2583
2581
2592
2595
2593
2592
2597
2595
2593
2598
2612
2614
2605
2613
2604
2598
2609
2606
2615
2608
2614
2604
2608
2599
2612
2612
2603
2615
2612
2601
2617
2623
2633
2619
2617
2623
2625
2617
2629
2626
2627
2629
2619
2619
2623
2618
2629
2629
2618
2617
2635
2641
2639
2638
2639
2638
2642
2645
2645
2636
2642
2648
2637
2642
2640
2635
2637
2649
2650
2650
2650
2649
2654
2662
2656
2669
2667
2667
2659
2667
2673
2671
2658
2671
2655
2673
2657
2666
2657
2672
2661
2675
2676
2687
2687
2681
2686
2688
2681
2683
2680
2689
2695
2700
2696
2700
2689
2700
2689
2689
2702
2703
2706
2705
2705
2705
2708
2713
2710
2708
2723
2717
2723
2717
2721
2722
2712
2718
2715
2716
2725
2728
2725
2728
2729
2726
2725
2728
2730
2730
2730
2734
2749
2752
2746
2746
2736
2737
2734
2736
2754
2738
2734
2739
2746
2755
2756
2757
2764
2763
2757
2758
2759
2762
2765
2758
2758
2761
2766
2769
2774
2766
2774
2768
2773
2767
2771
2770
2769
2775
2775
2779
2776
2789
2778
2775
2778
2782
2776
2782
2775
2778
2788
2776
2780
2783
2783
2785
2779
2775
2791
2791
2792
2793
2793
2792
2792
2794
2795
2796
2794
2797
2797
2801
2799
2797
2802
2802
2808
2808
2804
2808
2805
2805
2802
2805
2807
2809
2811
2813
2812
2810
2812
2814
2815
2816
2811
2811
2817
2825
2821
2823
2820
2822
2819
2821
2822
2824
2824
2826
2831
2829
2827
2827
2827
2826
2827
2835
2827
2829
2827
2830
2838
2840
2839
2842
2838
2843
2839
2845
2846
2846
2847
2848
2852
2849
2851
2849
2850
2855
2852
2850
2851
2853
2849
2849
2849
2856
2861
2865
2856
2857
2874
2869
2857
2856
2871
2870
2863
2856
2869
2866
2874
2876
2877
2886
2886
2891
2880
2894
2877
2886
2884
2890
2877
2895
2910
2900
2907
2899
2897
2904
2903
2905
2902
2903
2909
2903
2906
2902
2903
2912
2913
2914
2916
2922
2921
2917
2923
2918
2924
2919
2919
2917
2924
2925
2926
2926
2926
2927
2927
2941
2940
2932
2927
2927
2933
2937
2933
2937
2931
2943
2944
2939
2936
2943
2936
2947
2947
2949
2947
2951
2952
2955
2952
2951
2958
2959
2976
2962
2958
2972
2966
2969
2963
2977
2964
2961
2977
2979
2982
2982
2982
2983
2984
2983
2987
2998
2996
3002
2987
2992
3001
2994
3000
2989
2996
2998
3002
2989
2998
3003
3009
3008
3009
3010
3003
3008
3005
3012
3012
3021
3017
3019
3017
3013
3012
3020
3028
3033
3030
3034
3031
3029
3039
3038
3029
3032
3038
3040
3041
3041
3049
3049
3049
3042
3054
3045
3051
3050
3042
3053
3041
3045
3051
3055
3060
3060
3064
3055
3063
3062
3061
3057
3061
3062
3063
3055
3061
3065
3083
3080
3065
3066
3066
3084
3070
3075
3065
3079
3066
3068
3078
3072
3081
3067
3068
3071
3080
3084
3086
3091
3086
3089
3092
3090
3094
3092
3089
3092
3091
3089
3096
3098
3098
3105
3107
3103
3099
3104
3101
3107
3109
3110
3117
3110
3122
3118
3114
3113
3115
3115
3118
3128
3127
3128
3123
3116
3122
3127
3113
3129
3129
3130
3131
3145
3142
3135
3141
3144
3135
3133
3131
3142
3135
3131
3140
3143
3145
3144
3145
3143
3141
3134
3147
3148
3147
3148
3147
3149
3160
3154
3159
3149
3150
3157
3158
3163
3159
3161
3161
3166
3169
3167
3169
3168
3170
3182
3178
3192
3175
3181
3191
3180
3192
3191
3171
3171
3178
3187
3173
3174
3186
3190
3174
3185
3190
3194
3194
3195
3200
3196
3196
3201
3197
3195
3200
3195
3197
3200
3202
3203
3206
3206
3206
3208
3218
3218
3215
3209
3214
3218
3209
3216
3209
3219
3219
3218
3209
3221
3232
3221
3222
3227
3222
3231
3222
3224
3237
3233
3227
3225
3222
3227
3238
3247
3248
3239
3240
3239
3244
3247
3244
3247
3240
3238
3249
3251
3256
3264
3262
3264
3252
3254
3250
3252
3251
3263
3264
3266
3271
3271
3266
3273
3266
3277
3274
3267
3276
3278
3285
3287
3280
3281
3287
3289
3296
3298
3298
3284
3292
3300
3283
3279
3295
3285
3283
3278
3300
3301
3302
3307
3301
3301
3307
3301
3301
3307
3308
3312
3311
3316
3316
3316
3317
3309
3317
3316
3319
3321
3322
3322
3321
3323
3335
3333
3332
3335
3333
3337
3337
3328
3324
3334
3329
3323
3323
3341
3325
3342
3334
3344
3345
3345
3345
3346
3346
3346
3347
3353
3348
3351
3348
3349
3354
3349
3351
3349
3347
3347
3351
3351
3357
3369
3358
3363
3357
3367
3361
3370
3365
3357
3370
3369
3371
3372
3377
3371
3375
3376
3374
3376
3373
3371
3372
3378
3386
3381
3379
3383
3380
3380
3384
3379
3387
3379
3382
3388
3388
3392
3392
3390
3394
3388
3394
3397
3392
3398
3407
3399
3399
3412
3412
3400
3404
3416
3400
3407
3408
3405
3402
3403
3416
3410
3399
3418
3410
3407
3419
3440
3427
3432
3441
3421
3437
3422
3423
3439
3425
3425
3421
3422
3424
3440
3435
3428
3431
3443
3453
3456
3446
3450
3452
3455
3447
3445
3450
3454
3445
3455
3448
3444
3457
3457
3461
3463
3465
3466
3457
3467
3469
3468
3468
3470
3474
3467
3473
3468
3473
3472
3472
3467
3473
3470
3470
3471
3475
3476
3481
3480
3478
3479
3482
3491
3482
3487
3488
3488
3495
3484
3488
3494
3494
3494
3491
3491
3490
3489
3498
3498
3501
3499
3499
3499
3501
3500
3498
3503
3504
3503
3506
3509
3509
3511
3509
3512
3508
3509
3513
3528
3520
3537
3520
3518
3522
3534
3518
3535
3534
3524
3528
3528
3533
3514
3538
3540
3539
3541
3542
3538
3540
3541
3543
3544
3554
3544
3558
3556
3560
3561
3552
3546
3551
3550
3559
3562
3564
3556
3559
3565
3567
3569
3567
3569
3571
3574
3572
3573
3567
3570
3575
3580
3578
3579
3579
3578
3575
3577
3578
3583
3578
3576
3577
3577
3578
3584
3589
3594
3598
3586
3587
3590
3592
3595
3603
3601
3596
3594
3596
3595
3589
3586
3596
3604
3608
3604
3605
3609
3608
3610
3617
3614
3620
3610
3614
3615
3616
3611
3612
3617
3616
3618
3615
3616
3613
3621
3626
3622
3624
3628
3626
3623
3626
3627
3626
3623
3627
3622
3628
3629
3632
3634
3634
3633
3637
3656
3650
3657
3648
3657
3642
3648
3641
3645
3647
3657
3642
3643
3646
3650
3642
3645
3637
3656
3640
3658
3662
3665
3668
3668
3663
3664
3669
3667
3670
3670
3679
3677
3677
3674
3680
3674
3673
3678
3680
3673
3680
3673
3679
3676
3673
3684
3687
3691
3690
3687
3693
3690
3687
3692
3694
3720
3716
3698
3721
3697
3704
3710
3695
3723
3717
3697
3697
3708
3718
3704
3696
3697
3695
3720
3696
3725
3741
3733
3734
3725
3725
3734
3725
3725
3725
3732
3741
3728
3729
3731
3733
3739
3729
3742
3744
3744
3743
3745
3746
3746
3745
3747
3752
3747
3749
3753
3748
3753
3751
3748
3748
3748
3753
3754
3754
3755
3757
3756
3756
3759
3758
3759
3759
3755
3760
3762
3763
3760
3762
3765
3765
3766
3763
3767
3765
3763
3762
3768
3771
3768
3772
3789
3776
3787
3776
3780
3781
3777
3774
3772
3773
3788
3773
3782
3781
3780
3788
3773
3777
3782
3790
3792
3790
3791
3793
3795
3803
3812
3813
3813
3799
3802
3811
3811
3793
3813
3812
3811
3803
3811
3813
3811
3814
3816
3826
3822
3820
3821
3817
3815
3828
3829
3829
3832
3832
3837
3834
3836
3833
3837
3830
3835
3837
3838
3838
3838
3839
3847
3850
3853
3856
3846
3846
3854
3843
3847
3839
3852
3855
3846
3857
3853
3857
3845
3848
3842
3860
3868
3866
3860
3869
3864
3867
3865
3864
3864
3870
3870
3870
3871
3881
3872
3872
3880
3871
3881
3878
3881
3874
3876
3876
3881
3875
3883
3895
3884
3898
3887
3885
3888
3884
3886
3895
3897
3899
3900
3905
3900
3907
3911
3905
3899
3906
3910
3906
3910
3905
3905
3909
3909
3900
3911
3912
3913
3912
3912
3916
3917
3916
3917
3917
3917
3918
3927
3918
3924
3919
3926
3925
3922
3923
3927
3927
3928
3923
3928
3928
3918
3928
3928
3922
3925
3930
3944
3937
3942
3935
3937
3938
3944
3931
3936
3938
3933
3942
3944
3944
3942
3945
3948
3949
3947
3946
3949
3950
3964
3959
3961
3952
3953
3957
3955
3951
3953
3955
3957
3950
3966
3974
3977
3976
3969
3974
3976
3969
3978
3968
3968
3980
3981
3989
3980
3987
3983
3982
3990
3987
3985
3982
3991
3996
3999
4001
3994
3997
3996
3999
3996
3992
3997
3996
3998
3995
3998
4002
4005
4005
4009
4002
4002
4004
4010
4011
4012
4012
4013
4015
4014
4016
4017
4018
4023
4025
4025
4021
4023
4018
4023
4026
4020
4026
4019
4020
4022
4027
4028
4037
4037
4034
4045
4035
4042
4045
4041
4041
4035
4042
4037
4043
4032
4043
4040
4034
4039
4047
4051
4048
4048
4049
4051
4052
4052
4058
4057
4063
4058
4064
4061
4063
4057
4052
4063
4057
4053
4066
4068
4066
4066
4070
4068
4068
4072
4072
4085
4080
4075
4075
4081
4073
4079
4076
4079
4085
4077
4086
4091
4095
4088
4089
4088
4087
4094
4095
4092
4088
4094
4095
4097
4097
4100
4097
4100
4103
4105
4103
4105
4105
4106
4106
4109
4111
4111
4113
4113
4107
4107
4115
4124
4118
4118
4123
4118
4115
4121
4118
4119
4115
4121
4125
4140
4147
4151
4133
4150
4129
4128
4127
4131
4131
4125
4132
4125
4145
4151
4142
4126
4154
4156
4172
4170
4154
4165
4167
4172
4162
4157
4156
4175
4164
4173
4163
4163
4174
4157
4165
4156
4176
4177
4177
4178
4183
4195
4182
4190
4180
4190
4189
4188
4187
4181
4178
4196
4198
4203
4211
4204
4203
4208
4200
4207
4203
4202
4204
4210
4207
4214
4198
4215
4215
4217
4240
4217
4225
4227
4230
4241
4218
4240
4217
4218
4222
4238
4218
4236
4238
4218
4237
4243
4248
4256
4245
4258
4246
4251
4252
4258
4258
4251
4250
4258
4245
4253
4253
4253
4256
4260
4266
4265
4266
4266
4261
4263
4264
4261
4260
4269
4274
4270
4275
4278
4278
4278
4281
4275
4278
4282
4294
4283
4289
4288
4290
4287
4286
4296
4282
4284
4287
4285
4282
4282
4291
4298
4303
4302
4306
4299
4300
4307
4307
4314
4308
4311
4309
4311
4311
4314
4311
4308
4311
4311
4315
4315
4315
4316
4327
4326
4320
4323
4324
4330
4319
4319
4331
4337
4335
4340
4335
4339
4332
4335
4341
4336
4342
4359
4344
4358
4349
4348
4350
4349
4342
4356
4358
4347
4351
4350
4356
4358
4359
4353
4361
4361
4363
4363
4361
4365
4379
4377
4369
4374
4367
4374
4372
4367
4381
4370
4368
4377
4373
4377
4373
4367
4367
4384
4386
4385
4387
4386
4388
4388
4393
4389
4392
4391
4395
4401
4396
4397
4406
4395
4399
4407
4400
4410
4395
4397
4404
4401
4409
4408
4411
4432
4421
4429
4427
4423
4427
4428
4415
4419
4414
4432
4430
4429
4427
4414
4430
4411
4417
4426
4434
4436
4435
4436
4437
4438
4444
4444
4441
4441
4438
4445
4443
4446
4438
4443
4440
4439
4438
4447
4448
4450
4452
4448
4449
4450
4453
4457
4458
4459
4458
4459
4459
4460
4468
4478
4461
4465
4474
4469
4464
4476
4460
4462
4476
4468
4471
4468
4464
4476
4471
4464
4473
4481
4483
4484
4488
4483
4486
4486
4486
4483
4484
4484
4483
4484
4490
4493
4508
4495
4508
4506
4502
4494
4508
4496
4509
4523
4515
4517
4518
4524
4513
4511
4510
4512
4522
4521
4516
4524
4521
4525
4526
4525
4527
4527
4528
4530
4540
4538
4537
4531
4531
4539
4540
4532
4539
4537
4536
4535
4532
4542
4547
4549
4544
4544
4542
4550
4551
4551
4551
4558
4555
4552
4560
4561
4559
4558
4559
4551
4556
4557
4562
4573
4577
4565
4569
4574
4564
4576
4569
4572
4573
4579
4584
4598
4589
4597
4587
4596
4590
4594
4586
4595
4595
4590
4586
4584
4598
4597
4592
4584
4591
4594
4593
4600
4608
4610
4610
4608
4602
4603
4605
4605
4604
4611
4604
4602
4602
4613
4625
4615
4621
4627
4619
4631
4620
4620
4624
4629
4625
4616
4618
4621
4630
4620
4617
4620
4623
4622
4632
4634
4639
4639
4638
4637
4633
4639
4639
4634
4632
4632
4640
4640
4647
4650
4647
4650
4649
4650
4640
4648
4641
4646
4648
4649
4651
4645
4648
4653
4656
4660
4662
4662
4661
4656
4662
4662
4654
4664
4653
4654
4664
4665
4675
4683
4677
4684
4683
4675
4691
4691
4685
4678
4684
4682
4682
4665
4691
4665
4685
4676
4694
4695
4695
4696
4699
4716
4714
4704
4702
4713
4704
4702
4703
4704
4702
4713
4712
4707
4704
4711
4715
4701
4713
4714
4718
4718
4718
4722
4723
4733
4732
4726
4735
4725
4733
4732
4727
4729
4730
4736
4729
4735
4739
4740
4740
4746
4744
4743
4742
4745
4748
4752
4750
4755
4768
4771
4764
4769
4757
4755
4769
4768
4755
4759
4770
4760
4767
4762
4757
4758
4773
4773
4774
4775
4782
4775
4781
4777
4777
4779
4780
4781
4786
4786
4792
4793
4786
4796
4796
4793
4796
4790
4791
4793
4791
4796
4790
4786
4789
4797
4797
4798
4810
4807
4806
4808
4803
4808
4803
4810
4806
4810
4802
4811
4810
4801
4807
4800
4812
4820
4820
4816
4815
4821
4815
4816
4818
4812
4820
4813
4820
4821
4812
4816
4812
4822
4828
4830
4822
4830
4835
4830
4836
4832
4838
4834
4828
4833
4822
4835
4831
4840
4839
4829
4831
4841
4842
4841
4843
4844
4857
4849
4855
4846
4856
4851
4855
4846
4850
4853
4854
4846
4859
4870
4859
4862
4866
4862
4859
4875
4874
4868
4859
4870
4871
4865
4875
4867
4866
4875
4861
4864
4868
4878
4879
4882
4898
4891
4890
4888
4879
4880
4889
4899
4893
4900
4895
4888
4900
4891
4901
4913
4906
4904
4902
4907
4911
4901
4902
4908
4906
4903
4906
4905
4910
4914
4915
4914
4914
4916
4923
4918
4918
4920
4916
4917
4922
4920
4925
4924
4917
4925
4919
4926
4927
4932
4928
4927
4931
4927
4933
4930
4928
4926
4927
4928
4930
4930
4934
4938
4936
4935
4935
4935
4935
4939
4946
4939
4945
4949
4959
4958
4950
4949
4958
4954
4949
4956
4957
4951
4946
4958
4942
4954
4945
4940
4961
4969
4964
4968
4970
4970
4970
4972
4971
4971
4970
4974
4976
4971
4975
4971
4977
4990
4983
4993
4978
4993
4992
4988
4994
4984
4993
4985
4989
4981
4993
4981
4985
4995
4983
4982
4981
4996
4996
4997
5000
4999
4999
5002
5003
5005
5006
5007
5013
5011
5008
5013
5011
5010
5011
5007
5014
5025
5027
5034
5026
5021
5035
5018
5031
5017
5014
5014
5030
5019
5017
5028
5026
5022
5024
5028
5027
5036
5037
5040
5041
5048
5041
5044
5043
5041
5043
5043
5046
5046
5042
5042
5050
5059
5051
5059
5057
5065
5062
5059
5055
5066
5050
5056
5067
5069
5070
5085
5074
5075
5081
5081
5084
5085
5071
5086
5087
5074
5078
5086
5082
5080
5074
5086
5078
5075
5088
5088
5090
5089
5088
5090
5092
5092
5092
5097
5105
5102
5110
5109
5104
5097
5110
5119
5108
5111
5118
5112
5098
5115
5115
5112
5110
5112
5111
5121
5125
5123
5128
5122
5126
5121
5128
5122
5123
5126
5129
5134
5136
5137
5141
5132
5131
5143
5132
5144
5135
5129
5133
5139
5137
5145
5169
5150
5156
5147
5156
5147
5148
5145
5163
5168
5158
5159
5154
5151
5167
5149
5167
5170
5172
5173
5172
5176
5171
5176
5171
5179
5175
5182
5190
5189
5182
5182
5184
5187
5187
5185
5183
5186
5195
5200
5196
5196
5195
5199
5201
5195
5201
5196
5202
5195
5203
5211
5210
5209
5212
5208
5210
5207
5205
5212
5215
5216
5226
5219
5215
5216
5224
5215
5222
5225
5230
5222
5230
5224
5221
5227
5229
5231
5235
5241
5240
5231
5240
5237
5234
5238
5237
5235
5242
5243
5242
5251
5249
5248
5255
5259
5259
5257
5249
5248
5260
5249
5261
5269
5266
5267
5266
5264
5265
5262
5270
5270
5270
5271
5270
5272
5274
5275
5280
5281
5281
5285
5276
5277
5281
5283
5283
5282
5278
5276
5280
5287
5283
5280
5284
5276
5281
5288
5292
5293
5291
5291
5288
5293
5288
5294
5296
5294
5297
5305
5305
5300
5300
5303
5303
5300
5308
5305
5301
5305
5302
5297
5304
5305
5301
5308
5303
5297
5298
5309
5310
5312
5312
5313
5309
5311
5314
5315
5317
5319
5320
5326
5320
5325
5320
5325
5322
5329
5330
5330
5327
5331
5323
5332
5331
5335
5343
5341
5342
5338
5335
5347
5348
5345
5338
5342
5339
5337
5342
5340
5339
5337
5350
5355
5350
5353
5350
5357
5360
5364
5365
5361
5365
5362
5358
5364
5360
5365
5366
5379
5369
5370
5369
5368
5368
5372
5374
5383
5382
5375
5367
5371
5383
5385
5366
5373
5390
5394
5397
5396
5394
5394
5395
5392
5397
5398
5411
5414
5407
5405
5409
5399
5410
5398
5400
5408
5402
5410
5415
5416
5421
5420
5420
5419
5423
5417
5423
5423
5418
5417
5424
5432
5428
5426
5425
5429
5431
5424
5432
5429
5425
5425
5432
5433
5434
5435
5435
5436
5434
5436
5435
5434
5437
5437
5445
5443
5446
5449
5438
5439
5449
5440
5446
5443
5441
5444
5441
5452
5445
5454
5445
5446
5445
5438
5457
5462
5462
5461
5461
5458
5458
5457
5463
5463
5464
5469
5469
5466
5467
5467
5472
5481
5482
5488
5473
5480
5473
5488
5487
5483
5472
5483
5487
5478
5480
5475
5483
5475
5482
5489
5494
5497
5495
5495
5501
5496
5499
5490
5493
5489
5493
5499
5489
5489
5502
5503
5505
5504
5504
5502
5505
5507
5516
5508
5521
5515
5520
5510
5512
5517
5518
5515
5512
5523
5507
5519
5507
5515
5519
5524
5532
5536
5531
5534
5532
5536
5532
5525
5533
5532
5530
5528
5537
5546
5550
5551
5539
5551
5539
5550
5551
5542
5539
5542
5549
5544
5552
5557
5560
5565
5553
5570
5559
5569
5558
5556
5555
5556
5567
5570
5568
5556
5555
5570
5561
5552
5572
5573
5574
5575
5578
5575
5574
5575
5577
5580
5583
5583
5583
5580
5584
5584
5585
5585
5586
5586
5589
5590
5593
5598
5595
5597
5593
5599
5605
5604
5606
5614
5601
5600
5615
5601
5613
5613
5614
5613
5607
5612
5601
5613
5616
5617
5630
5622
5617
5617
5622
5622
5621
5627
5620
5624
5619
5631
5621
5628
5633
5644
5645
5645
5641
5634
5645
5636
5640
5639
5636
5640
5634
5638
5646
5649
5650
5660
5663
5658
5664
5662
5655
5652
5654
5653
5665
5668
5667
5665
5669
5668
5668
5668
5666
5669
5667
5666
5670
5670
5682
5676
5682
5683
5674
5675
5683
5677
5674
5672
5672
5671
5677
5677
5673
5671
5673
5674
5684
5684
5684
5685
5686
5686
5687
5687
5687
5686
5688
5693
5691
5688
5690
5689
5692
5696
5690
5691
5693
5690
5698
5711
5700
5704
5704
5711
5709
5705
5710
5712
5705
5702
5708
5698
5708
5709
5709
5709
5708
5708
5715
5719
5718
5716
5729
5729
5716
5730
5745
5741
5734
5742
5733
5739
5733
5738
5733
5742
5743
5737
5736
5740
5730
5734
5746
5757
5751
5756
5752
5757
5751
5748
5748
5756
5755
5756
5746
5746
5754
5747
5747
5754
5751
5752
5759
5779
5772
5769
5777
5766
5765
5772
5759
5773
5764
5760
5779
5771
5763
5774
5763
5770
5771
5759
5767
5781
5783
5784
5785
5785
5786
5792
5794
5794
5792
5793
5792
5788
5787
5792
5791
5786
5795
5795
5805
5808
5807
5801
5808
5804
5814
5809
5804
5807
5804
5814
5809
5803
5809
5806
5805
5807
5815
5826
5824
5825
5815
5821
5821
5831
5818
5827
5826
5822
5816
5822
5824
5823
5831
5816
5819
5815
5825
5833
5843
5841
5840
5841
5843
5838
5833
5842
5846
5835
5843
5838
5834
5847
5851
5855
5868
5854
5857
5870
5868
5858
5867
5862
5851
5855
5858
5863
5856
5848
5873
5881
5878
5884
5876
5879
5883
5885
5887
5893
5887
5896
5890
5889
5891
5885
5894
5890
5894
5892
5896
5887
5898
5900
5899
5900
5899
5901
5904
5898
5903
5903
5900
5905
5913
5919
5908
5916
5914
5915
5912
5916
5915
5906
5911
5914
5916
5906
5917
5911
5920
5933
5926
5931
5924
5922
5920
5926
5931
5924
5933
5922
5926
5928
5933
5926
5928
5937
5943
5940
5949
5949
5941
5950
5959
5955
5957
5951
5957
5954
5951
5960
5959
5953
5955
5958
5956
5959
5961
5971
5967
5965
5965
5963
5962
5972
5962
5973
5971
5963
5974
5976
5976
5979
5980
5976
5979
5978
5981
5975
5975
5982
5991
5986
5989
5996
5983
5982
5988
5988
5993
5991
5985
5990
6001
5983
5989
5999
5999
5999
5996
5985
6002
6007
6009
6014
6015
6009
6002
6014
6014
6015
6002
6016
6017
6024
6020
6029
6023
6025
6022
6021
6020
6022
6028
6023
6028
6026
6016
6026
6030
6031
6031
6032
6040
6044
6045
6036
6043
6043
6042
6045
6034
6047
6044
6048
6053
6053
6048
6054
6053
6049
6048
6049
6062
6051
6050
6065
6051
6065
6052
6062
6051
6068
6069
6074
6068
6070
6069
6074
6078
6071
6079
6088
6089
6079
6080
6087
6085
6086
6088
6081
6091
6100
6100
6102
6094
6103
6104
6095
6095
6092
6097
6106
6116
6112
6110
6114
6114
6114
6114
6106
6116
6116
6117
6117
6118
6125
6120
6125
6125
6124
6121
6122
6119
6119
6127
6128
6127
6131
6132
6139
6133
6141
6141
6147
6136
6147
6131
6147
6146
6145
6149
6151
6157
6158
6149
6152
6160
6160
6152
6156
6154
6153
6154
6161
6164
6164
6176
6170
6172
6176
6165
6168
6162
6172
6176
6173
6176
6169
6177
6189
6194
6190
6177
6190
6179
6177
6187
6185
6190
6181
6186
6185
6189
6187
6195
6208
6206
6203
6195
6209
6205
6206
6204
6198
6207
6202
6202
6197
6196
6205
6210
6212
6214
6211
6213
6214
6210
6213
6216
6227
6220
6218
6222
6228
6225
6223
6222
6218
6225
6230
6233
6240
6231
6231
6236
6241
6234
6235
6240
6237
6236
6233
6237
6235
6230
6238
6236
6239
6230
6242
6243
6243
6244
6246
6242
6247
6245
6245
6246
6244
6248
6249
6251
6252
6258
6261
6252
6260
6262
6266
6257
6258
6257
6259
6256
6263
6260
6259
6267
6255
6255
6266
6253
6268
6285
6275
6284
6286
6270
6286
6273
6269
6286
6268
6273
6273
6282
6271
6280
6274
6284
6270
6277
6288
6291
6293
6294
6291
6291
6289
6295
6303
6299
6302
6304
6296
6298
6305
6300
6303
6300
6296
6306
6316
6312
6319
6315
6318
6308
6322
6322
6314
6315
6318
6307
6311
6306
6316
6315
6324
6324
6324
6324
6324
6325
6327
6327
6328
6339
6339
6332
6332
6329
6339
6339
6334
6333
6335
6340
6333
6341
6349
6345
6346
6341
6348
6349
6350
6352
6352
6344
6344
6346
6351
6353
6361
6363
6356
6364
6355
6356
6359
6353
6360
6358
6365
6377
6376
6365
6375
6373
6372
6375
6368
6365
6369
6374
6376
6378
6379
6381
6386
6380
6386
6382
6384
6385
6386
6384
6387
6396
6389
6393
6397
6389
6396
6398
6396
6395
6389
6399
6405
6411
6399
6399
6413
6406
6407
6409
6401
6408
6403
6399
6406
6400
6402
6410
6404
6401
6399
6415
6423
6419
6416
6417
6419
6424
6437
6438
6427
6428
6426
6433
6433
6430
6424
6431
6439
6424
6433
6427
6428
6432
6441
6448
6447
6457
6447
6455
6455
6457
6445
6451
6452
6447
6452
6452
6458
6469
6468
6462
6460
6466
6468
6464
6470
6489
6471
6474
6483
6471
6482
6487
6474
6478
6489
6473
6489
6482
6487
6479
6475
6473
6487
6492
6493
6498
6500
6495
6505
6492
6501
6497
6504
6504
6503
6498
6493
6506
6509
6517
6518
6511
6510
6514
6513
6508
6510
6523
6512
6512
6506
6513
6519
6524
6524
6524
6525
6526
6535
6542
6529
6527
6544
6535
6541
6539
6533
6540
6538
6539
6545
6531
6525
6533
6541
6532
6543
6546
6549
6548
6548
6548
6549
6554
6550
6549
6553
6546
6547
6555
6560
6557
6555
6561
6562
6561
6560
6564
6563
6563
6563
6558
6559
6560
6556
6555
6566
6569
6569
6568
6576
6568
6577
6572
6567
6572
6566
6571
6571
6580
6584
6583
6583
6587
6580
6587
6581
6582
6587
6588
6602
6588
6594
6602
6591
6589
6597
6595
6593
6597
6592
6591
6603
6616
6603
6616
6616
6610
6609
6607
6616
6606
6617
6617
6619
6617
6618
6621
6620
6622
6625
6625
6624
6625
6622
6624
6629
6630
6626
6628
6626
6627
6631
6626
6629
6632
6634
6640
6642
6639
6632
6637
6639
6643
6646
6655
6655
6651
6646
6650
6645
6655
6653
6653
6652
6654
6654
6657
6645
6658
6675
6662
6665
6658
6666
6663
6671
6664
6659
6662
6673
6661
6662
6662
6670
6668
6676
6682
6681
6682
6680
6684
6677
6680
6685
6686
6686
6688
6686
6692
6686
6686
6685
6691
6689
6693
6696
6693
6695
6696
6697
6694
6697
6700
6705
6703
6724
6721
6721
6711
6703
6724
6703
6701
6710
6725
6724
6711
6709
6710
6718
6727
6727
6727
6730
6731
6733
6745
6735
6735
6732
6731
6742
6735
6743
6733
6738
6734
6738
6736
6747
6756
6771
6758
6767
6753
6772
6767
6754
6757
6748
6756
6770
6765
6767
6761
6751
6768
6769
6773
6773
6774
6773
6774
6775
6783
6780
6781
6775
6779
6783
6780
6779
6786
6787
6788
6788
6788
6789
6789
6790
6794
6808
6799
6795
6803
6795
6794
6804
6798
6809
6803
6809
6806
6800
6797
6796
6794
6809
6802
6800
6810
6826
6826
6814
6817
6813
6819
6817
6810
6810
6816
6818
6825
6824
6820
6819
6810
6816
6821
6819
6828
6833
6828
6832
6835
6838
6853
6844
6846
6858
6840
6837
6847
6849
6853
6838
6853
6857
6848
6847
6843
6857
6859
6863
6865
6863
6867
6859
6861
6865
6867
6860
6868
6871
6880
6869
6871
6873
6875
6878
6872
6876
6878
6878
6873
6883
6887
6883
6883
6888
6885
6885
6883
6883
6891
6903
6909
6899
6891
6910
6911
6897
6898
6903
6892
6893
6894
6899
6903
6912
6912
6913
6913
6912
6916
6919
6920
6915
6913
6923
6924
6927
6928
6928
6923
6934
6928
6938
6935
6924
6940
6931
6933
6937
6923
6923
6934
6937
6925
6941
6942
6948
6951
6949
6943
6954
6943
6949
6944
6946
6947
6949
6942
6955
6953
6945
6943
6956
6979
6961
6969
6976
6967
6958
6974
6983
6968
6973
6964
6962
6957
6967
6956
6961
6986
6987
6986
6986
6986
6988
6989
6991
7007
7001
7009
6995
7002
6992
6996
7009
7004
6999
6998
7008
6999
7000
7011
7012
7027
7023
7013
7018
7023
7024
7017
7015
7014
7025
7012
7028
7029
7028
7030
7030
7030
7043
7032
7035
7031
7039
7038
7043
7031
7030
7030
7041
7036
7044
7054
7054
7047
7057
7051
7052
7049
7056
7052
7046
7051
7048
7050
7057
7058
7061
7058
7061
7060
7061
7062
7058
7062
7062
7064
7070
7073
7075
7067
7075
7064
7066
7080
7076
7068
7064
7064
7066
7070
7076
7070
7081
7084
7091
7083
7084
7088
7089
7087
7084
7092
7088
7083
7084
7094
7096
7096
7094
7095
7097
7094
7098
7106
7107
7101
7099
7102
7112
7098
7102
7098
7104
7111
7100
7099
7106
7111
7113
7125
7132
7117
7114
7129
7123
7130
7135
7119
7119
7113
7123
7130
7125
7117
7114
7121
7132
7136
7136
7144
7140
7145
7145
7137
7142
7138
7137
7141
7137
7147
7139
7141
7139
7149
7150
7156
7152
7159
7158
7150
7156
7158
7152
7156
7157
7151
7161
7164
7166
7164
7166
7169
7175
7177
7175
7171
7177
7172
7176
7174
7172
7178
7183
7181
7186
7183
7186
7186
7188
7188
7189
7188
7190
7198
7194
7193
7190
7193
7190
7199
7199
7204
7208
7215
7202
7209
7206
7200
7212
7214
7214
7215
7210
7202
7212
7213
7202
7204
7200
7217
7222
7227
7227
7217
7229
7220
7219
7221
7219
7227
7230
7241
7231
7233
7235
7233
7239
7234
7234
7235
7231
7240
7236
7243
7234
7244
7244
7248
7257
7257
7258
7257
7256
7256
7257
7245
7248
7255
7254
7244
7245
7256
7247
7259
7259
7260
7262
7262
7260
7263
7265
7272
7286
7275
7291
7281
7283
7288
7284
7290
7294
7288
7279
7271
7288
7278
7266
7289
7284
7299
7302
7299
7300
7304
7318
7308
7309
7311
7317
7312
7310
7312
7322
7320
7313
7318
7321
7314
7313
7312
7323
7326
7326
7323
7323
7324
7324
7328
7328
7331
7336
7333
7328
7334
7334
7328
7333
7334
7332
7329
7329
7335
7337
7342
7340
7342
7340
7343
7341
7338
7342
7347
7348
7351
7352
7351
7353
7353
7353
7354
7353
7356
7357
7359
7360
7366
7363
7360
7362
7361
7363
7366
7360
7365
7364
7367
7379
7367
7369
7379
7375
7369
7370
7379
7376
7377
7369
7377
7379
7377
7376
7369
7380
7380
7383
7387
7383
7394
7392
7391
7384
7387
7383
7394
7392
7386
7393
7395
7396
7398
7400
7403
7407
7402
7401
7410
7395
7396
7404
7406
7408
7409
7401
7411
7422
7420
7415
7416
7418
7422
7419
7420
7412
7419
7420
7415
7417
7412
7426
7431
7427
7428
7432
7430
7429
7433
7426
7433
7434
7439
7434
7435
7434
7441
7447
7441
7445
7457
7444
7446
7448
7454
7442
7456
7441
7445
7447
7455
7457
7457
7457
7447
7450
7442
7458
7465
7459
7465
7464
7466
7461
7461
7466
7469
7465
7460
7459
7463
7462
7465
7461
7458
7470
7470
7476
7478
7477
7472
7476
7478
7479
7483
7479
7483
7482
7483
7481
7482
7480
7479
7479
7484
7491
7495
7497
7486
7501
7498
7494
7498
7497
7494
7497
7502
7505
7502
7505
7508
7516
7520
7518
7509
7508
7513
7510
7520
7513
7509
7512
7512
7521
7524
7536
7534
7529
7530
7523
7529
7537
7533
7530
7542
7541
7537
7530
7539
7542
7532
7543
7543
7543
7544
7549
7545
7547
7547
7545
7550
7562
7568
7558
7570
7564
7560
7558
7568
7564
7574
7555
7551
7555
7571
7556
7569
7555
7554
7575
7579
7580
7583
7578
7583
7583
7578
7578
7577
7581
7582
7577
7585
7585
7586
7586
7588
7597
7601
7594
7588
7609
7603
7591
7590
7591
7601
7599
7602
7604
7607
7590
7601
7611
7612
7614
7614
7614
7611
7616
7619
7622
7621
7622
7624
7626
7624
7631
7635
7635
7629
7636
7628
7627
7634
7638
7629
7637
7636
7631
7630
7637
7626
7634
7634
7640
7644
7643
7643
7646
7650
7641
7652
7652
7659
7657
7660
7659
7659
7652
7661
7664
7670
7665
7661
7675
7675
7667
7670
7673
7668
7672
7671
7664
7664
7673
7663
7663
7666
7678
7678
7680
7679
7680
7680
7680
7678
7682
7683
7682
7683
7686
7686
7697
7687
7686
7698
7688
7702
7696
7691
7686
7692
7689
7689
7697
7687
7691
7694
7700
7694
7703
7703
7705
7712
7711
7709
7705
7706
7708
7709
7706
7712
7713
7717
7722
7728
7723
7715
7723
7728
7719
7716
7713
7727
7720
7718
7723
7729
7739
7738
7739
7736
7734
7730
7738
7729
7738
7740
7741
7743
7746
7759
7755
7753
7748
7752
7751
7761
7755
7743
7747
7757
7749
7762
7764
7758
7765
7769
7766
7768
7771
7772
7772
7775
7772
7775
7773
7779
7776
7772
7778
7777
7782
7782
7782
7781
7784
7790
7790
7785
7791
7787
7784
7790
7791
7789
7791
7792
7804
7809
7808
7799
7804
7795
7794
7802
7807
7803
7809
7795
7802
7793
7807
7794
7811
7820
7813
7821
7812
7814
7824
7826
7817
7815
7812
7823
7825
7824
7827
7830
7831
7840
7838
7836
7831
7835
7841
7832
7833
7836
7838
7831
7837
7832
7833
7840
7836
7834
7833
7842
7847
7859
7844
7847
7858
7854
7842
7854
7853
7855
7852
7855
7860
7854
7852
7845
7862
7872
7862
7864
7868
7866
7869
7869
7873
7864
7872
7874
7878
7878
7874
7877
7874
7875
7877
7878
7874
7875
7879
7884
7899
7883
7901
7895
7899
7892
7887
7882
7896
7880
7895
7893
7900
7880
7895
7890
7901
7891
7902
7902
7906
7904
7902
7904
7903
7904
7907
7920
7907
7919
7917
7914
7917
7914
7911
7919
7919
7907
7907
7908
7910
7916
7913
7921
7922
7922
7925
7928
7926
7930
7934
7932
7934
7934
7936
7944
7938
7941
7938
7940
7941
7950
7936
7949
7946
7941
7941
7947
7936
7950
7945
7951
7952
7953
7953
7956
7959
7961
7960
7958
7955
7959
7953
7960
7962
7963
7963
7964
7971
7968
7972
7967
7973
7979
7980
7974
7973
7979
7977
7973
7973
7976
7974
7976
7973
7983
7988
7990
7985
7983
7992
7984
7988
7987
7984
7991
7993
8001
7995
8002
7993
7996
7999
7998
8004
8013
8018
8025
8006
8016
8012
8025
8016
8026
8020
8014
8012
8007
8014
8005
8009
8019
8011
8023
8027
8027
8036
8032
8028
8035
8035
8028
8027
8033
8037
8040
8043
8042
8046
8041
8042
8043
8040
8051
8038
8052
8047
8051
8053
8053
8061
8059
8059
8061
8053
8055
8059
8053
8065
8056
8062
8062
8064
8067
8068
8071
8067
8072
8073
8077
8071
8079
8077
8081
8089
8096
8089
8090
8085
8096
8087
8088
8092
8093
8081
8084
8096
8099
8110
8109
8111
8111
8104
8104
8108
8101
8101
8108
8109
8101
8110
8109
8104
8108
8112
8115
8131
8118
8119
8127
8126
8115
8135
8126
8137
8133
8124
8131
8138
8129
8133
8127
8140
8150
8145
8157
8150
8150
8154
8154
8140
8147
8150
8153
8156
8142
8155
8147
8149
8144
8147
8141
8147
8158
8158
8158
8161
8162
8166
8164
8163
8169
8171
8170
8175
8175
8185
8177
8175
8181
8180
8184
8184
8186
8193
8194
8203
8192
8187
8196
8195
8205
8197
8200
8188
8186
8193
8204
8208
8212
8212
8218
8215
8218
8220
8217
8217
8221
8229
8231
8232
8230
8222
8227
8226
8232
8231
8233
8240
8244
8240
8235
8249
8239
8238
8238
8238
8234
8250
8243
8248
8237
8241
8238
8244
8243
8252
8255
8260
8257
8254
8258
8257
8258
8260
8258
8262
8265
8269
8267
8263
8262
8266
8265
8266
8267
8269
8264
8266
8267
8270
8273
8278
8277
8286
8280
8273
8282
8277
8279
8273
8282
8285
8275
8287
8289
8299
8297
8291
8298
8300
8297
8300
8295
8291
8296
8299
8289
8298
8294
8293
8290
8295
8301
8316
8317
8315
8311
8321
8309
8307
8307
8315
8304
8309
8304
8310
8309
8305
8310
8312
8322
8328
8322
8330
8325
8333
8335
8324
8323
8336
8324
8332
8323
8325
8332
8329
8341
8355
8345
8364
8360
8347
8345
8345
8341
8366
8351
8344
8369
8353
8364
8342
8361
8344
8371
8381
8373
8371
8375
8374
8376
8377
8386
8378
8380
8372
8381
8386
8379
8387
8388
8389
8399
8392
8396
8406
8393
8390
8408
8404
8392
8391
8408
8404
8392
8391
8396
8394
8410
8390
8411
8416
8416
8411
8415
8415
8415
8417
8417
8417
8427
8419
8425
8423
8427
8420
8427
8419
8426
8422
8420
8422
8425
8417
8428
8448
8435
8431
8430
8446
8436
8446
8442
8443
8447
8434
8445
8442
8447
8449
8450
8451
8450
8451
8449
8452
8455
8457
8452
8454
8457
8453
8458
8462
8467
8470
8464
8468
8465
8458
8458
8464
8470
8462
8460
8473
8460
8465
8467
8458
8467
8474
8474
8474
8475
8479
8479
8480
8481
8497
8493
8486
8481
8483
8482
8483
8495
8489
8487
8491
8490
8486
8484
8498
8494
8489
8498
8498
8501
8503
8505
8508
8509
8511
8506
8510
8510
8509
8507
8509
8504
8512
8513
8518
8521
8521
8519
8514
8519
8516
8522
8522
8522
8522
8524
8548
8543
8540
8526
8533
8526
8531
8546
8546
8542
8528
8525
8533
8540
8534
8545
8529
8549
8554
8554
8551
8557
8558
8555
8552
8555
8553
8552
8560
8561
8560
8561
8560
8561
8562
8574
8571
8565
8572
8575
8574
8567
8574
8566
8566
8565
8567
8576
8573
8571
8570
8566
8577
8582
8581
8581
8580
8582
8584
8584
8586
8589
8588
8586
8588
8586
8588
8589
8590
8599
8603
8601
8595
8590
8595
8601
8605
8591
8598
8600
8605
8604
8605
8590
8605
8604
8607
8607
8609
8610
8632
8632
8629
8613
8632
8625
8612
8618
8623
8621
8625
8625
8617
8613
8635
8635
8635
8640
8643
8637
8638
8638
8636
8641
8642
8642
8644
8651
8651
8648
8646
8648
8651
8650
8646
8644
8652
8672
8669
8662
8665
8665
8660
8659
8655
8672
8664
8653
8672
8672
8654
8657
8666
8664
8673
8675
8675
8675
8673
8676
8686
8676
8682
8680
8676
8682
8678
8686
8682
8690
8676
8682
8691
8703
8692
8699
8699
8695
8694
8695
8695
8695
8704
8694
8698
8691
8693
8709
8702
8700
8710
8718
8710
8715
8717
8711
8717
8719
8723
8729
8723
8723
8730
8719
8720
8729
8719
8724
8721
8719
8722
8731
8735
8731
8741
8732
8747
8748
8749
8731
8751
8768
8759
8769
8755
8769
8769
8755
8758
8760
8753
8766
8767
8756
8769
8756
8767
8761
8770
8772
8770
8771
8774
8774
8775
8776
8775
8777
8777
8780
8780
8780
8781
8779
8782
8787
8786
8790
8782
8789
8786
8791
8801
8803
8801
8799
8802
8802
8799
8791
8801
8803
8797
8798
8799
8797
8797
8806
8806
8806
8812
8814
8811
8811
8806
8808
8811
8808
8816
8826
8833
8825
8837
8817
8832
8820
8816
8818
8837
8839
8826
8817
8816
8827
8818
8838
8822
8840
8845
8847
8848
8845
8842
8850
8851
8850
8841
8840
8851
8852
8852
8856
8852
8854
8856
8852
8858
8858
8870
8871
8864
8858
8867
8867
8874
8861
8864
8869
8862
8870
8858
8868
8873
8876
8883
8886
8882
8878
8877
8887
8882
8878
8886
8886
8898
8884
8879
8886
8890
8883
8887
8876
8889
8899
8900
8902
8903
8902
8902
8904
8914
8907
8904
8906
8910
8909
8913
8907
8905
8910
8905
8910
8914
8908
8915
8920
8922
8920
8921
8920
8920
8918
8920
8915
8921
8923
8928
8945
8940
8938
8944
8934
8928
8929
8950
8933
8952
8937
8940
8943
8944
8943
8942
8951
8932
8956
8964
8965
8970
8956
8956
8972
8964
8971
8968
8962
8964
8966
8963
8970
8968
8962
8963
8962
8959
8959
8973
8973
8974
8976
8976
8976
8975
8977
8974
8977
8974
8979
8987
8985
8987
8982
8987
8983
8988
8983
8985
8982
8980
8979
8986
8985
8980
8979
8989
8990
8989
8990
8991
8996
8994
8991
9007
8992
8995
9006
8997
8998
8992
8994
8996
9001
8992
8997
8992
8995
9008
9012
9009
9013
9014
9014
9010
9008
9009
9011
9015
9016
9018
9027
9028
9040
9026
9041
9031
9031
9040
9031
9036
9019
9018
9028
9035
9033
9040
9018
9042
9058
9045
9042
9047
9059
9061
9059
9063
9047
9057
9055
9060
9042
9042
9048
9052
9052
9055
9043
9063
9064
9067
9069
9068
9070
9072
9072
9072
9070
9074
9074
9074
9076
9078
9085
9088
9076
9079
9081
9090
9077
9083
9080
9084
9090
9085
9091
9091
9100
9107
9099
9106
9102
9097
9102
9095
9104
9108
9110
9109
9110
9110
9111
9125
9112
9127
9125
9114
9126
9129
9125
9111
9126
9120
9115
9112
9121
9128
9120
9121
9126
9124
9130
9140
9130
9139
9139
9142
9140
9132
9135
9134
9130
9131
9140
9140
9141
9143
9148
9147
9146
9150
9152
9160
9163
9162
9162
9161
9159
9163
9153
9153
9160
9157
9163
9155
9154
9157
9152
9164
9164
9166
9164
9171
9165
9169
9170
9172
9173
9182
9182
9182
9179
9179
9181
9183
9177
9181
9184
9183
9185
9187
9200
9196
9190
9193
9196
9199
9188
9188
9200
9200
9201
9204
9202
9204
9202
9204
9203
9203
9202
9206
9209
9207
9206
9208
9207
9209
9211
9228
9220
9212
9225
9220
9215
9227
9224
9212
9216
9219
9217
9219
9217
9229
9231
9231
9247
9237
9238
9231
9237
9242
9240
9243
9237
9246
9238
9240
9238
9247
9245
9236
9241
9243
9239
9248
9255
9258
9254
9251
9249
9250
9258
9253
9249
9252
9259
9272
9266
9273
9260
9268
9265
9266
9260
9260
9273
9266
9261
9264
9271
9263
9264
9274
9278
9275
9278
9276
9276
9277
9279
9289
9289
9288
9283
9287
9284
9290
9290
9279
9293
9286
9288
9293
9292
9285
9294
9294
9299
9305
9303
9299
9305
9305
9305
9300
9305
9302
9307
9315
9313
9314
9316
9317
9329
9317
9324
9326
9326
9327
9328
9318
9322
9330
9339
9334
9331
9331
9338
9340
9338
9340
9338
9339
9342
9347
9345
9346
9346
9348
9347
9344
9344
9351
9347
9350
9347
9347
9344
9342
9348
9349
9344
9352
9366
9364
9352
9360
9364
9368
9360
9352
9356
9361
9366
9355
9359
9358
9367
9365
9372
9372
9372
9373
9373
9374
9374
9377
9380
9383
9383
9375
9377
9384
9382
9379
9378
9375
9376
9381
9385
9394
9403
9387
9396
9402
9401
9403
9390
9389
9402
9393
9393
9395
9401
9386
9395
9403
9403
9387
9395
9405
9409
9410
9405
9406
9411
9406
9409
9405
9408
9405
9409
9411
9406
9410
9411
9414
9414
9414
9415
9415
9416
9418
9419
9421
9416
9415
9417
9418
9418
9419
9421
9415
9429
9438
9432
9435
9430
9431
9434
9434
9431
9431
9429
9429
9440
9446
9445
9441
9447
9442
9448
9448
9450
9448
9452
9454
9471
9478
9475
9463
9463
9458
9468
9467
9460
9478
9455
9464
9473
9459
9477
9470
9458
9464
9479
9481
9488
9493
9489
9488
9483
9483
9479
9493
9489
9484
9479
9480
9481
9484
9492
9484
9485
9497
9498
9508
9503
9509
9516
9500
9505
9502
9509
9503
9509
9516
9510
9513
9499
9506
9508
9500
9504
9518
9518
9523
9522
9521
9518
9522
9523
9518
9524
9526
9535
9529
9529
9532
9532
9527
9533
9529
9535
9525
9531
9533
9535
9526
9527
9531
9538
9539
9538
9541
9538
9542
9542
9543
9545
9548
9546
9544
9546
9544
9543
9548
9545
9543
9545
9544
9546
9550
9558
9551
9554
9551
9554
9554
9553
9554
9556
9559
9561
9561
9561
9560
9563
9559
9564
9563
9565
9567
9567
9566
9575
9570
9576
9578
9566
9577
9570
9574
9574
9579
9570
9582
9591
9587
9590
9582
9591
9592
9592
9593
9585
9594
9592
9591
9594
9585
9595
9597
9597
9598
9601
9614
9612
9613
9601
9609
9605
9614
9611
9612
9615
9615
9615
9621
9617
9618
9622
9624
9615
9620
9627
9628
9630
9642
9637
9632
9638
9635
9638
9632
9643
9635
9632
9630
9641
9630
9630
9645
9654
9646
9655
9658
9650
9649
9648
9645
9649
9645
9660
9669
9665
9668
9668
9670
9663
9660
9669
9660
9669
9666
9671
9671
9682
9674
9676
9674
9673
9682
9677
9679
9677
9683
9683
9675
9679
9684
9674
9678
9686
9682
9676
9687
9689
9691
9690
9690
9691
9687
9687
9689
9692
9698
9701
9696
9701
9703
9696
9702
9704
9693
9702
9699
9705
9714
9709
9708
9716
9712
9710
9705
9717
9707
9712
9705
9708
9717
9710
9708
9720
9721
9721
9727
9724
9722
9724
9726
9725
9724
9725
9721
9723
9729
9730
9725
9731
9745
9734
9741
9733
9739
9746
9733
9741
9742
9733
9745
9736
9737
9743
9739
9735
9747
9754
9756
9750
9754
9749
9750
9756
9754
9747
9750
9750
9751
9754
9747
9755
9756
9755
9747
9748
9757
9771
9765
9765
9762
9771
9763
9771
9767
9768
9763
9767
9762
9766
9770
9767
9774
9774
9775
9780
9776
9777
9778
9783
9777
9777
9779
9782
9784
9786
9791
9790
9793
9789
9791
9791
9787
9785
9789
9787
9788
9794
9794
9795
9794
9795
9796
9797
9798
9800
9801
9801
9800
9802
9810
9805
9809
9805
9808
9804
9804
9811
9811
9814
9824
9818
9812
9814
9821
9819
9812
9819
9815
9821
9822
9813
9813
9821
9825
9825
9827
9827
9832
9834
9841
9842
9835
9837
9836
9842
9840
9835
9835
9843
9851
9859
9848
9857
9860
9858
9854
9855
9858
9863
9863
9848
9861
9844
9864
9867
9867
9865
9864
9867
9868
9878
9880
9879
9870
9873
9884
9870
9874
9870
9869
9874
9869
9881
9874
9874
9885
9886
9889
9891
9887
9887
9892
9906
9903
9903
9894
9911
9913
9899
9907
9908
9897
9902
9895
9892
9910
9904
9893
9905
9894
9914
9926
9924
9923
9926
9920
9923
9925
9915
9927
9927
9925
9922
9922
9925
9920
9926
9915
9928
9929
9934
9929
9932
9931
9932
9937
9930
9936
9936
9939
9954
9951
9946
9942
9945
9949
9949
9946
9941
9951
9950
9946
9942
9941
9946
9943
9951
9955
9959
9967
9956
9969
9955
9965
9959
9967
9956
9966
9955
9970
9982
9971
9986
9975
9989
9981
9980
9980
9979
9981
9971
9974
9990
9997
9998
9992
9992
9996
9990
9990
9990
9995
9993
9997
9990
9999
10000
10007
10007
10002
10006
10001
10009
10014
10014
10012
10013
10010
10018
10013
10020
10012
10019
10021
10021
10021
10019
10024
10039
10030
10033
10043
10038
10041
10039
10038
10030
10032
10038
10039
10033
10034
10030
10042
10028
10032
10045
10050
10054
10050
10051
10050
10055
10051
10055
10052
10051
10054
10050
10054
10053
10047
10058
10073
10060
10067
10058
10063
10058
10067
10058
10069
10070
10066
10058
10074
10082
10084
10076
10094
10093
10091
10089
10077
10094
10090
10085
10081
10090
10086
10078
10079
10081
10081
10095
10106
10115
10104
10096
10105
10095
10118
10119
10106
10102
10114
10098
10101
10112
10100
10102
10110
10101
10106
10115
10120
10121
10123
10123
10126
10127
10128
10128
10129
10134
10130
10134
10132
10130
10130
10138
10138
10145
10138
10143
10142
10143
10144
10146
10145
10140
10139
10138
10141
10146
10149
10143
10145
10144
10150
10155
10162
10159
10159
10160
10157
10157
10157
10158
10152
10151
10154
10152
10154
10163
10164
10164
10165
10170
10164
10164
10171
10180
10190
10184
10188
10182
10178
10178
10173
10185
10195
10189
10176
10192
10187
10176
10193
10171
10187
10184
10199
10199
10208
10202
10202
10218
10211
10199
10213
10207
10201
10217
10206
10200
10199
10211
10210
10204
10214
10207
10221
10226
10229
10230
10234
10221
10231
10229
10231
10236
10237
10241
10245
10241
10244
10243
10245
10245
10246
10246
10246
10247
10248
10257
10256
10254
10248
10256
10257
10257
10261
10258
10258
10260
10255
10261
10263
10270
10269
10267
10266
10268
10272
10266
10274
10277
10274
10274
10275
10278
10279
10284
10285
10279
10281
10285
10281
10279
10284
10285
10278
10280
10278
10289
10296
10294
10300
10298
10294
10301
10295
10302
10304
10308
10302
10309
10303
10313
10313
10327
10321
10313
10329
10317
10322
10331
10316
10314
10314
10326
10328
10318
10318
10317
10329
10313
10324
10327
10332
10340
10339
10340
10338
10337
10340
10332
10336
10340
10336
10336
10332
10341
10351
10341
10344
10351
10347
10341
10343
10349
10348
10351
10345
10350
10346
10347
10344
10342
10352
10358
10352
10355
10354
10361
10356
10357
10359
10358
10359
10352
10358
10355
10352
10356
10361
10364
10380
10373
10374
10368
10380
10379
10369
10378
10368
10367
10378
10373
10364
10369
10368
10381
10386
10382
10383
10388
10383
10388
10392
10393
10389
10389
10391
10389
10396
10401
10406
10402
10401
10404
10402
10406
10411
10411
10412
10424
10416
10415
10425
10422
10423
10415
10421
10423
10416
10422
10416
10425
10414
10422
10426
10435
10433
10432
10434
10433
10432
10430
10428
10437
10426
10438
10434
10433
10440
10435
10442
10442
10442
10446
10459
10457
10447
10455
10463
10448
10461
10449
10462
10448
10453
10458
10453
10466
10458
10448
10464
10459
10463
10467
10469
10471
10475
10475
10472
10473
10477
10474
10470
10474
10470
10471
10470
10471
10471
10475
10469
10479
10479
10499
10487
10501
10481
10497
10487
10497
10501
10480
10491
10484
10483
10487
10494
10485
10488
10502
10504
10505
10502
10509
10509
10515
10509
10516
10515
10510
10513
10510
10510
10509
10510
10516
10511
10517
10517
10518
10518
10520
10521
10518
10517
10521
10523
10536
10532
10535
10527
10526
10529
10537
10535
10535
10533
10536
10531
10533
10525
10538
10544
10540
10541
10543
10538
10541
10543
10545
10546
10552
10559
10548
10554
10555
10552
10556
10548
10556
10546
10551
10547
10551
10559
10560
10565
10569
10564
10566
10567
10566
10560
10564
10565
10570
10576
10573
10570
10571
10570
10570
10571
10576
10571
10572
10575
10577
10577
10579
10579
10578
10577
10580
10580
10595
10586
10586
10582
10586
10591
10582
10586
10586
10582
10586
10585
10587
10581
10581
10589
10586
10596
10602
10601
10607
10598
10602
10606
10601
10607
10606
10604
10608
10615
10612
10613
10622
10624
10619
10608
10610
10613
10611
10614
10618
10622
10610
10625
10633
10632
10631
10634
10633
10630
10635
10654
10643
10647
10635
10639
10642
10646
10636
10635
10642
10639
10650
10639
10642
10654
10649
10645
10635
10656
10656
10663
10664
10668
10671
10682
10681
10664
10670
10664
10673
10668
10668
10679
10675
10667
10684
10670
10667
10668
10664
10685
10668
10687
10692
10691
10690
10698
10694
10701
10687
10695
10701
10704
10702
10692
10700
10697
10689
10698
10694
10700
10705
10711
10711
10710
10712
10713
10705
10711
10713
10714
10731
10720
10719
10724
10727
10718
10724
10716
10726
10727
10715
10720
10716
10718
10714
10720
10716
10733
10733
10738
10736
10739
10742
10742
10743
10756
10757
10751
10746
10759
10743
10750
10745
10754
10746
10746
10745
10758
10757
10745
10757
10759
10751
10753
10760
10764
10764
10765
10763
10765
10767
10767
10762
10761
10769
10781
10777
10769
10775
10783
10771
10784
10782
10770
10784
10773
10783
10774
10775
10778
10785
10788
10789
10788
10786
10786
10789
10785
10790
10791
10790
10790
10790
10792
10793
10799
10809
10808
10816
10814
10799
10803
10802
10805
10804
10797
10802
10798
10810
10812
10814
10818
10822
10819
10822
10818
10818
10824
10820
10822
10824
10823
10824
10820
10819
10819
10826
10827
10828
10829
10829
10830
10837
10830
10830
10838
10840
10840
10834
10835
10837
10834
10836
10841
10848
10847
10843
10844
10844
10845
10843
10850
10847
10846
10844
10841
10851
10854
10856
10854
10852
10852
10853
10859
10859
10872
10867
10873
10868
10869
10862
10870
10865
10866
10868
10871
10860
10861
10870
10866
10870
10874
10861
10871
10875
10881
10887
10877
10893
10890
10894
10889
10891
10880
10893
10884
10889
10881
10893
10875
10882
10895
10908
10898
10895
10901
10908
10903
10896
10903
10909
10934
10927
10925
10928
10929
10920
10933
10909
10911
10931
10918
10909
10923
10932
10926
10930
10932
10935
10937
10943
10942
10936
10942
10937
10936
10938
10937
10944
10936
10935
10940
10945
10952
10950
10945
10949
10946
10952
10951
10945
10955
10965
10956
10962
10956
10961
10957
10956
10955
10963
10965
10965
10966
10969
10972
10968
10969
10972
10970
10969
10973
10967
10968
10974
10986
10982
10986
10984
10975
10984
10980
10980
10979
10980
10979
10975
10978
10986
10975
10987
10988
10988
10990
10993
10990
10992
10988
10989
10989
10991
10996
11007
10996
11005
11009
11001
11012
11013
10998
11002
11014
11010
11008
11004
10996
11002
11015
11022
11020
11015
11027
11033
11025
11023
11031
11017
11022
11021
11017
11025
11028
11024
11031
11016
11021
11028
11025
11034
11046
11043
11037
11037
11047
11041
11042
11041
11038
11041
11037
11050
11052
11050
11051
11052
11055
11051
11051
11053
11057
11058
11069
11059
11074
11061
11060
11060
11068
11061
11067
11065
11068
11061
11069
11071
11073
11063
11078
11077
11057
11080
11081
11082
11089
11086
11088
11090
11090
11089
11085
11087
11087
11089
11090
11086
11091
11098
11091
11093
11093
11096
11097
11096
11098
11095
11100
11106
11104
11103
11102
11100
11102
11103
11103
11107
11103
11102
11105
11103
11109
11110
11120
11121
11113
11119
11119
11124
11112
11119
11119
11123
11110
11112
11121
11122
11114
11124
11109
11119
11125
11126
11127
11127
11125
11128
11129
11139
11142
11139
11129
11140
11134
11135
11138
11137
11144
11131
11135
11129
11144
11138
11129
11133
11145
11150
11150
11155
11153
11145
11153
11146
11157
11153
11159
11158
11146
11156
11159
11158
11155
11155
11147
11155
11160
11164
11171
11168
11167
11164
11166
11174
11161
11174
11168
11160
11169
11160
11170
11164
11161
11160
11162
11166
11175
11181
11175
11182
11188
11183
11178
11176
11176
11190
11188
11191
11186
11176
11177
11182
11189
11187
11178
11192
11193
11197
11194
11194
11193
11203
11199
11203
11204
11206
11198
11197
11196
11197
11204
11202
11208
11217
11217
11211
11212
11220
11220
11216
11219
11215
11221
11228
11229
11228
11229
11230
11241
11241
11237
11235
11244
11240
11237
11223
11223
11240
11247
11248
11249
11252
11253
11254
11251
11256
11256
11258
11259
11261
11260
11263
11263
11262
11264
11278
11284
11286
11286
11276
11283
11275
11273
11278
11285
11287
11271
11285
11277
11287
11276
11278
11271
11290
11308
11291
11300
11310
11299
11297
11304
11300
11292
11299
11291
11294
11294
11308
11308
11297
11295
11308
11297
11312
11321
11325
11316
11317
11326
11315
11320
11314
11325
11324
11314
11315
11318
11327
11329
11333
11328
11342
11335
11334
11329
11330
11332
11342
11329
11334
11343
11354
11362
11348
11352
11345
11359
11355
11346
11354
11346
11344
11358
11349
11349
11349
11343
11356
11353
11353
11363
11363
11371
11371
11363
11365
11373
11373
11363
11366
11368
11364
11366
11374
11387
11379
11386
11379
11377
11385
11380
11379
11380
11380
11382
11380
11374
11382
11374
11375
11376
11374
11385
11379
11388
11400
11399
11396
11391
11396
11397
11389
11396
11388
11393
11390
11402
11411
11408
11403
11414
11403
11405
11402
11415
11416
11429
11416
11426
11415
11417
11415
11420
11416
11424
11417
11429
11424
11416
11430
11442
11440
11442
11442
11440
11433
11433
11440
11442
11435
11432
11439
11440
11435
11445
11454
11447
11454
11452
11448
11446
11452
11447
11454
11447
11455
11447
11458
11460
11458
11462
11459
11460
11463
11469
11467
11475
11468
11465
11463
11465
11468
11476
11476
11483
11482
11476
11487
11480
11478
11477
11485
11490
11483
11485
11492
11495
11494
11493
11498
11497
11495
11492
11496
11497
11497
11492
11493
11499
11504
11505
11505
11499
11500
11505
11499
11503
11502
11504
11502
11505
11503
11501
11506
11506
11506
11508
11509
11508
11510
11519
11510
11512
11516
11513
11512
11516
11518
11514
11518
11519
11511
11518
11519
11520
11533
11525
11530
11524
11525
11532
11525
11533
11529
11529
11524
11529
11527
11530
11527
11528
11529
11534
11545
11549
11550
11548
11540
11534
11537
11540
11540
11539
11536
11539
11536
11545
11541
11542
11539
11552
11553
11558
11554
11556
11559
11559
11553
11553
11557
11559
11560
11573
11568
11573
11571
11565
11569
11565
11568
11569
11571
11566
11565
11565
11565
11573
11577
11580
11578
11579
11581
11580
11580
11580
11580
11577
11580
11580
11582
11584
11588
11598
11598
11595
11602
11596
11593
11599
11602
11589
11590
11599
11598
11592
11597
11599
11602
11590
11593
11588
11604
11614
11604
11610
11607
11610
11604
11606
11612
11608
11615
11640
11619
11642
11636
11622
11639
11630
11636
11627
11626
11624
11634
11640
11641
11624
11620
11630
11632
11634
11643
11644
11651
11650
11645
11647
11643
11649
11647
11648
11643
11646
11645
11652
11665
11665
11666
11652
11653
11653
11666
11658
11665
11662
11653
11654
11667
11668
11682
11668
11672
11678
11676
11675
11675
11683
11669
11678
11680
11684
11687
11690
11685
11690
11691
11715
11709
11698
11704
11705
11692
11692
11712
11717
11698
11694
11694
11712
11697
11708
11698
11716
11693
11698
11720
11720
11728
11724
11725
11721
11728
11724
11722
11726
11721
11721
11730
11734
11732
11741
11731
11736
11736
11738
11731
11741
11731
11742
11743
11744
11746
11742
11743
11742
11743
11742
11742
11747
11753
11753
11747
11753
11749
11750
11751
11753
11755
11758
11758
11756
11757
11760
11760
11762
11755
11756
11763
11763
11765
11765
11763
11769
11770
11766
11764
11766
11763
11767
11774
11775
11777
11775
11776
11778
11783
11793
11779
11779
11788
11789
11791
11779
11778
11793
11787
11779
11782
11782
11780
11787
11792
11788
11787
11794
11806
11805
11802
11797
11808
11808
11800
11795
11801
11798
11804
11810
11796
11807
11813
11823
11817
11831
11820
11831
11827
11824
11817
11823
11826
11819
11820
11817
11825
11814
11822
11822
11831
11833
11839
11848
11842
11836
11848
11839
11833
11837
11850
11844
11839
11835
11847
11837
11850
11841
11840
11851
11870
11871
11861
11869
11871
11865
11863
11853
11872
11866
11871
11872
11876
11860
11867
11874
11851
11851
11857
11867
11877
11877
11878
11887
11878
11884
11879
11891
11888
11880
11886
11892
11892
11892
11893
11897
11902
11902
11897
11895
11900
11897
11894
11903
11909
11904
11906
11915
11908
11913
11907
11905
11908
11905
11906
11911
11906
11906
11905
11904
11913
11917
11932
11932
11919
11917
11917
11929
11932
11922
11925
11918
11934
11934
11934
11934
11936
11936
11937
11938
11938
11938
11940
11940
11942
11953
11952
11951
11946
11951
11951
11945
11945
11950
11948
11952
11942
11944
11946
11954
11954
11957
11957
11956
11954
11955
11957
11961
11962
11963
11966
11967
11963
11963
11964
11963
11964
11967
11964
11968
11969
11970
11970
11978
11972
11979
11976
11968
11971
11978
11976
11968
11972
11978
11979
11980
11981
11983
11980
11984
11984
11985
11982
11987
11982
11984
11989
11990
11990
11991
11992
11992
11991
11996
11999
11997
11998
11993
12000
12000
11993
11991
12003
12009
12014
12011
12009
12024
12004
12008
12025
12021
12004
12008
12022
12014
12011
12010
12004
12026
12034
12028
12027
12027
12027
12030
12030
12034
12027
12035
12030
12034
12033
12037
12048
12044
12040
12047
12046
12040
12041
12044
12039
12041
12050
12057
12052
12056
12058
12057
12060
12056
12050
12061
12053
12063
12074
12070
12075
12071
12069
12065
12065
12066
12076
12072
12074
12066
12066
12074
12068
12066
12069
12077
12084
12085
12078
12081
12080
12078
12086
12093
12092
12090
12089
12088
12087
12091
12094
12090
12092
12095
12095
12095
12095
12095
12096
12099
12096
12101
12103
12100
12102
12102
12099
12098
12095
12104
12108
12104
12107
12109
12113
12109
12112
12112
12114
12114
12121
12119
12121
12123
12116
12115
12117
12116
12122
12115
12122
12123
12118
12122
12120
12124
12124
12124
12128
12124
12130
12130
12140
12134
12138
12143
12136
12140
12147
12145
12135
12137
12145
12152
12138
12151
12136
12131
12148
12137
12151
12142
12153
12163
12167
12166
12169
12166
12158
12160
12165
12153
12169
12155
12169
12163
12166
12159
12159
12171
12157
12155
12163
12173
12173
12174
12174
12175
12178
12177
12183
12176
12178
12178
12183
12186
12179
12180
12187
12192
12197
12195
12196
12193
12197
12187
12192
12187
12188
12194
12194
12191
12188
12199
12190
12191
12200
12200
12212
12214
12210
12213
12207
12215
12208
12208
12204
12216
12207
12201
12209
12216
12215
12213
12208
12212
12209
12207
12217
12228
12228
12228
12229
12217
12227
12223
12227
12226
12218
12225
12221
12221
12231
12229
12229
12230
12232
12235
12232
12232
12236
12236
12237
12238
12241
12237
12242
12238
12239
12243
12252
12248
12254
12250
12250
12246
12248
12252
12253
12243
12243
12244
12255
12258
12255
12260
12263
12257
12262
12261
12256
12262
12255
12264
12266
12265
12274
12278
12276
12275
12264
12267
12275
12278
12273
12265
12276
12265
12277
12278
12271
12281
12286
12287
12281
12284
12287
12285
12289
12288
12288
12283
12290
12299
12294
12293
12299
12298
12295
12298
12297
12290
12293
12296
12297
12297
12295
12294
12297
12299
12300
12320
12321
12304
12306
12306
12321
12303
12307
12312
12313
12322
12308
12321
12307
12307
12324
12327
12324
12325
12331
12331
12331
12332
12333
12340
12341
12337
12333
12337
12340
12339
12335
12342
12332
12343
12339
12334
12338
12343
12340
12344
12345
12344
12345
12347
12347
12351
12351
12350
12353
12354
12356
12355
12362
12375
12379
12368
12374
12380
12359
12360
12378
12369
12361
12380
12373
12366
12359
12355
12365
12371
12381
12384
12381
12385
12385
12381
12385
12385
12383
12381
12386
12392
12397
12398
12395
12386
12388
12389
12396
12399
12398
12393
12400
12401
12407
12407
12412
12403
12405
12409
12408
12403
12405
12412
12407
12410
12404
12413
12418
12424
12419
12424
12421
12421
12424
12419
12421
12426
12427
12426
12426
12426
12427
12427
12427
12431
12433
12448
12433
12448
12431
12435
12444
12437
12432
12448
12440
12451
12473
12466
12457
12470
12468
12455
12459
12452
12469
12458
12456
12454
12455
12457
12469
12474
12475
12475
12474
12474
12475
12477
12495
12477
12484
12479
12496
12493
12496
12478
12483
12490
12489
12482
12479
12478
12488
12498
12500
12504
12504
12500
12506
12503
12499
12504
12500
12507
12507
12508
12509
12508
12510
12514
12513
12516
12518
12521
12517
12520
12520
12518
12517
12520
12520
12518
12518
12521
12523
12537
12526
12532
12531
12524
12535
12528
12530
12525
12524
12525
12528
12527
12526
12539
12544
12543
12544
12546
12547
12557
12560
12552
12548
12549
12557
12560
12554
12562
12555
12556
12551
12561
12553
12563
12572
12575
12563
12564
12566
12566
12569
12568
12563
12565
12573
12577
12572
12577
12573
12579
12587
12580
12590
12585
12588
12581
12584
12583
12581
12581
12583
12587
12584
12580
12584
12589
12591
12591
12595
12595
12595
12591
12592
12598
12593
12597
12596
12597
12596
12595
12598
12598
12591
12599
12599
12600
12599
12600
12599
12601
12609
12610
12601
12614
12608
12613
12605
12615
12610
12609
12616
12631
12620
12625
12627
12617
12634
12617
12625
12631
12633
12631
12622
12626
12618
12626
12624
12631
12618
12635
12640
12635
12640
12638
12644
12641
12645
12635
12646
12663
12658
12656
12658
12652
12650
12654
12662
12655
12649
12665
12655
12648
12657
12663
12667
12672
12671
12670
12673
12671
12669
12674
12675
12682
12680
12676
12681
12676
12677
12677
12675
12681
12687
12689
12695
12696
12700
12695
12688
12694
12694
12688
12688
12696
12687
12695
12687
12688
12700
12688
12701
12689
12697
12703
12703
12703
12704
12712
12711
12716
12714
12718
12714
12711
12720
12721
12722
12732
12722
12730
12729
12728
12725
12721
12721
12724
12730
12732
12733
12742
12737
12735
12734
12740
12739
12740
12734
12735
12736
12744
12745
12746
12746
12745
12747
12747
12748
12748
12749
12749
12750
12751
12752
12750
12751
12753
12768
12769
12765
12756
12760
12775
12763
12759
12757
12773
12763
12766
12753
12760
12759
12769
12760
12782
12792
12786
12786
12787
12784
12785
12792
12793
12797
12801
12807
12795
12804
12803
12801
12803
12800
12802
12795
12808
12816
12809
12808
12811
12815
12808
12818
12822
12822
12821
12823
12824
12823
12826
12821
12828
12844
12832
12844
12830
12835
12834
12837
12834
12843
12841
12840
12838
12834
12843
12830
12835
12830
12832
12831
12828
12846
12848
12848
12847
12851
12858
12859
12868
12853
12865
12866
12856
12858
12867
12857
12857
12865
12855
12856
12853
12865
12854
12853
12854
12868
12870
12874
12880
12875
12881
12877
12892
12889
12885
12878
12876
12880
12871
12885
12883
12875
12884
12876
12894
12895
12894
12899
12899
12900
12902
12901
12901
12901
12903
12908
12904
12904
12908
12907
12903
12907
12908
12907
12905
12903
12909
12913
12926
12917
12914
12921
12911
12913
12916
12916
12920
12914
12915
12921
12913
12927
12928
12927
12927
12928
12928
12928
12929
12929
12931
12929
12930
12933
12950
12954
12945
12956
12937
12947
12944
12954
12953
12956
12955
12953
12937
12937
12958
12958
12965
12968
12964
12962
12959
12969
12966
12962
12971
12982
12972
12985
12982
12977
12978
12979
12971
12974
12973
12975
12983
12985
12976
12971
12985
12974
12985
12981
12977
12986
12989
12990
12996
12990
12986
12991
12988
12986
12996
12986
12991
12989
12988
12994
12989
12988
12993
12997
12998
13000
13002
13002
12997
13001
12999
13001
12999
12999
13003
13003
13004
13013
13009
13012
13005
13013
13008
13012
13007
13014
13014
13014
13015
13018
13017
13017
13014
13020
13021
13022
13022
13024
13023
13024
13025
13026
13044
13033
13034
13043
13032
13030
13037
13043
13038
13042
13030
13028
13036
13040
13045
13055
13051
13057
13051
13051
13052
13049
13058
13061
13061
13064
13081
13073
13065
13077
13081
13065
13072
13073
13076
13073
13069
13078
13078
13071
13082
13073
13068
13064
13080
13073
13083
13087
13085
13089
13090
13091
13092
13095
13098
13098
13092
13093
13097
13092
13095
13097
13093
13097
13099
13103
13106
13100
13104
13099
13103
13104
13103
13101
13104
13107
13107
13108
13112
13111
13109
13110
13114
13116
13127
13122
13118
13124
13125
13115
13127
13125
13127
13129
13140
13142
13143
13134
13141
13131
13145
13142
13144
13137
13134
13138
13145
13139
13133
13132
13140
13146
13149
13148
13151
13153
13147
13152
13155
13161
13155
13165
13158
13155
13155
13161
13163
13161
13158
13167
13173
13172
13173
13174
13173
13168
13174
13170
13167
13175
13174
13168
13176
13177
13178
13181
13182
13183
13187
13182
13185
13186
13182
13182
13186
13183
13188
13196
13188
13191
13189
13192
13196
13190
13197
13197
13190
13198
13200
13200
13200
13198
13199
13199
13200
13200
13204
13205
13205
13207
13209
13210
13210
13206
13207
13211
13213
13220
13218
13214
13220
13219
13212
13217
13212
13219
13217
13221
13216
13222
13223
13222
13224
13224
13227
13228
13230
13241
13247
13228
13240
13246
13238
13232
13244
13247
13241
13243
13245
13233
13233
13238
13238
13237
13249
13252
13256
13264
13263
13252
13249
13251
13264
13253
13255
13252
13249
13256
13256
13265
13273
13274
13272
13265
13274
13269
13274
13268
13275
13278
13283
13276
13291
13292
13279
13294
13293
13287
13291
13282
13286
13293
13279
13287
13284
13286
13284
13280
13295
13310
13314
13313
13308
13299
13303
13299
13307
13297
13299
13314
13295
13305
13300
13315
13327
13338
13336
13331
13336
13328
13315
13328
13317
13336
13331
13315
13322
13329
13317
13334
13319
13337
13318
13337
13340
13347
13344
13342
13347
13346
13344
13340
13340
13346
13349
13349
13351
13349
13352
13355
13359
13359
13362
13353
13356
13352
13356
13356
13364
13371
13377
13365
13376
13364
13368
13365
13369
13372
13374
13364
13378
13379
13389
13386
13386
13383
13387
13382
13378
13384
13382
13379
13386
13380
13378
13383
13378
13378
13389
13391
13400
13391
13394
13410
13395
13398
13399
13393
13392
13400
13403
13410
13410
13403
13403
13411
13413
13414
13416
13415
13416
13415
13411
13414
13418
13411
13412
13416
13412
13418
13419
13420
13430
13422
13427
13420
13422
13425
13428
13429
13420
13426
13429
13420
13426
13423
13424
13421
13431
13433
13432
13433
13434
13431
13432
13434
13435
13436
13435
13437
13447
13450
13441
13452
13438
13438
13444
13443
13440
13443
13441
13449
13452
13453
13457
13463
13454
13454
13454
13455
13457
13459
13466
13468
13468
13472
13482
13477
13472
13481
13468
13466
13477
13478
13472
13476
13466
13476
13479
13472
13483
13503
13499
13493
13500
13495
13483
13487
13497
13497
13502
13494
13497
13497
13489
13492
13483
13485
13490
13500
13505
13523
13513
13506
13505
13522
13520
13523
13513
13507
13510
13514
13519
13506
13505
13519
13511
13524
13531
13528
13538
13533
13532
13533
13527
13524
13532
13524
13528
13530
13535
13535
13528
13534
13530
13540
13548
13552
13545
13556
13544
13541
13549
13540
13551
13553
13546
13551
13550
13547
13545
13545
13540
13546
13557
13566
13565
13564
13562
13561
13565
13559
13562
13564
13565
13560
13567
13574
13576
13570
13567
13576
13574
13572
13573
13573
13578
13581
13579
13578
13578
13579
13581
13578
13580
13579
13579
13580
13582
13594
13586
13600
13601
13586
13591
13588
13596
13598
13597
13598
13600
13602
13612
13609
13602
13604
13608
13607
13608
13610
13615
13608
13610
13602
13607
13606
13614
13607
13613
13610
13616
13620
13629
13626
13630
13625
13627
13623
13626
13630
13624
13625
13631
13635
13633
13636
13638
13636
13636
13636
13634
13631
13631
13642
13642
13644
13646
13645
13652
13655
13654
13646
13656
13648
13657
13658
13660
13663
13660
13665
13668
13666
13664
13665
13660
13660
13664
13669
13673
13671
13675
13674
13677
13685
13680
13682
13681
13690
13682
13690
13687
13691
13678
13677
13680
13689
13682
13677
13683
13685
13689
13692
13700
13692
13702
13701
13696
13701
13703
13694
13692
13693
13700
13705
13707
13708
13711
13711
13709
13709
13708
13708
13710
13708
13712
13719
13719
13713
13725
13715
13725
13716
13716
13716
13718
13723
13715
13719
13721
13725
13717
13712
13719
13728
13732
13739
13741
13731
13735
13741
13736
13735
13737
13744
13743
13734
13738
13742
13736
13729
13738
13737
13745
13746
13746
13750
13750
13746
13752
13758
13760
13771
13761
13758
13755
13769
13764
13754
13754
13757
13775
13774
13775
13757
13761
13776
13759
13753
13777
13781
13787
13791
13784
13777
13787
13781
13790
13789
13779
13793
13777
13781
13777
13790
13785
13795
13795
13795
13796
13797
13797
13796
13795
13798
13798
13798
13800
13809
13805
13810
13813
13810
13814
13820
13808
13803
13805
13820
13804
13801
13800
13818
13805
13814
13807
13821
13822
13832
13825
13825
13830
13830
13831
13830
13831
13828
13838
13822
13832
13823
13822
13822
13828
13824
13839
13839
13840
13839
13841
13848
13848
13845
13846
13849
13842
13842
13851
13848
13852
13842
13845
13849
13843
13845
13855
13859
13856
13861
13855
13860
13856
13856
13856
13856
13862
13863
13863
13865
13865
13862
13862
13866
13865
13866
13862
13863
13866
13864
13864
13863
13865
13865
13867
13870
13877
13872
13873
13871
13875
13871
13872
13871
13876
13868
13878
13882
13886
13893
13893
13884
13882
13893
13888
13886
13892
13892
13892
13885
13880
13891
13885
13895
13900
13902
13901
13903
13901
13903
13898
13902
13904
13906
13905
13908
13906
13905
13906
13908
13906
13910
13907
13911
13911
13911
13911
13912
13912
13913
13915
13926
13920
13928
13927
13916
13917
13930
13913
13925
13926
13924
13914
13914
13922
13913
13931
13932
13934
13931
13934
13931
13933
13932
13935
13938
13937
13935
13939
13939
13939
13940
13943
13956
13950
13957
13954
13949
13947
13953
13958
13949
13958
13949
13957
13947
13947
13950
13954
13943
13944
13951
13956
13960
13963
13962
13970
13963
13961
13967
13974
13980
13979
13979
13978
13976
13979
13974
13978
13981
13989
13981
13986
13981
13992
13990
13995
13981
13995
13995
13985
13994
13987
13998
14000
14001
14003
14003
14004
14001
14005
13999
14006
14011
14017
14009
14011
14015
14010
14012
14008
14006
14007
14007
14020
14033
14045
14022
14036
14034
14026
14045
14027
14021
14030
14038
14021
14027
14029
14044
14021
14030
14029
14028
14041
14048
14048
14048
14049
14051
14053
14056
14059
14053
14056
14057
14063
14069
14073
14070
14069
14063
14066
14069
14064
14072
14065
14068
14073
14069
14065
14068
14074
14074
14070
14065
14075
14087
14084
14088
14078
14082
14089
14086
14077
14079
14084
14088
14077
14089
14087
14078
14081
14086
14090
14095
14090
14097
14091
14090
14091
14095
14097
14100
14107
14104
14101
14111
14107
14112
14115
14116
14114
14113
14115
14117
14115
14115
14118
14129
14118
14127
14129
14121
14120
14126
14126
14119
14121
14120
14127
14122
14124
14123
14118
14127
14129
14131
14131
14132
14134
14135
14136
14145
14141
14139
14142
14142
14143
14143
14144
14136
14140
14143
14146
14149
14150
14151
14146
14150
14150
14149
14151
14147
14154
14154
14155
14156
14168
14174
14168
14164
14159
14157
14159
14165
14160
14171
14162
14158
14175
14175
14176
14175
14176
14179
14180
14190
14190
14189
14190
14189
14181
14191
14197
14196
14200
14195
14199
14191
14193
14192
14191
14192
14191
14195
14191
14191
14200
14199
14196
14197
14194
14203
14222
14222
14219
14211
14208
14219
14223
14219
14209
14215
14216
14204
14216
14215
14221
14216
14212
14219
14224
14227
14225
14237
14234
14238
14226
14240
14225
14236
14236
14233
14239
14235
14236
14231
14228
14241
14229
14231
14226
14242
14242
14242
14255
14253
14248
14256
14256
14255
14246
14256
14253
14254
14257
14262
14259
14261
14260
14258
14259
14260
14258
14263
14279
14263
14279
14270
14264
14274
14266
14263
14270
14270
14279
14263
14272
14277
14267
14266
14280
14280
14281
14290
14283
14291
14289
14290
14284
14286
14284
14282
14290
14282
14292
14297
14298
14293
14297
14302
14296
14296
14296
14305
14305
14303
14302
14294
14307
14300
14293
14304
14307
14308
14309
14315
14312
14319
14308
14316
14308
14313
14316
14319
14313
14309
14309
14311
14309
14319
14312
14309
14320
14326
14327
14340
14336
14323
14335
14327
14323
14327
14331
14329
14328
14327
14338
14329
14326
14328
14321
14342
14342
14343
14344
14349
14345
14355
14351
14352
14352
14355
14345
14356
14356
14357
14359
14361
14364
14365
14374
14368
14368
14375
14370
14366
14379
14370
14378
14366
14375
14377
14368
14380
14387
14384
14380
14388
14391
14380
14389
14385
14391
14385
14380
14394
14395
14395
14394
14394
14396
14403
14398
14398
14404
14402
14397
14404
14399
14405
14402
14406
14402
14403
14407
14403
14408
14410
14415
14410
14410
14414
14416
14416
14417
14425
14417
14420
14430
14417
14427
14426
14419
14426
14417
14430
14431
14428
14424
14418
14432
14451
14450
14441
14451
14432
14435
14435
14447
14447
14435
14436
14451
14443
14440
14436
14452
14461
14464
14456
14462
14453
14460
14459
14466
14465
14462
14462
14459
14455
14460
14462
14468
14462
14469
14469
14470
14472
14474
14477
14478
14482
14493
14492
14490
14483
14485
14492
14492
14491
14497
14497
14494
14494
14496
14494
14493
14487
14497
14495
14498
14498
14499
14507
14506
14506
14502
14500
14502
14509
14516
14525
14519
14509
14511
14525
14521
14523
14514
14524
14517
14526
14550
14538
14538
14550
14545
14550
14526
14548
14536
14536
14543
14546
14549
14543
14549
14547
14551
14556
14557
14561
14564
14551
14558
14556
14562
14560
14555
14557
14562
14556
14551
14559
14553
14559
14560
14563
14562
14565
14568
14576
14566
14571
14567
14571
14576
14569
14577
14581
14582
14582
14580
14582
14583
14583
14594
14587
14589
14594
14591
14589
14595
14588
14593
14584
14583
14584
14595
14597
14599
14603
14603
14598
14604
14602
14599
14601
14607
14609
14607
14608
14608
14611
14614
14615
14613
14624
14618
14621
14618
14621
14611
14613
14621
14626
14624
14627
14640
14635
14627
14628
14636
14640
14632
14640
14633
14654
14632
14641
14653
14638
14642
14627
14655
14632
14646
14639
14656
14656
14661
14657
14669
14659
14659
14670
14663
14672
14666
14665
14662
14671
14663
14660
14673
14682
14674
14679
14676
14674
14680
14676
14678
14674
14683
14687
14687
14683
14688
14689
14690
14688
14693
14690
14692
14692
14694
14692
14694
14696
14696
14696
14697
14697
14697
14704
14699
14705
14706
14710
14710
14713
14713
14714
14722
14721
14723
14727
14728
14714
14721
14721
14719
14722
14729
14722
14719
14730
14735
14730
14737
14733
14738
14730
14736
14734
14733
14739
14743
14744
14739
14740
14744
14741
14747
14741
14743
14741
14744
14740
14748
14755
14750
14750
14751
14749
14759
14748
14756
14758
14762
14765
14773
14772
14766
14762
14780
14763
14764
14772
14762
14779
14777
14770
14771
14763
14776
14766
14781
14781
14783
14782
14782
14782
14785
14786
14788
14790
14786
14785
14790
14787
14785
14790
14786
14793
14798
14794
14799
14800
14793
14800
14803
14812
14811
14815
14818
14815
14803
14811
14816
14818
14808
14809
14809
14812
14806
14819
14819
14819
14819
14820
14825
14826
14821
14828
14828
14829
14840
14837
14835
14835
14840
14832
14832
14829
14838
14828
14840
14840
14835
14834
14830
14842
14844
14844
14853
14845
14849
14855
14849
14845
14859
14848
14858
14846
14848
14853
14846
14854
14844
14858
14860
14850
14856
14861
14868
14869
14873
14868
14874
14864
14862
14863
14871
14875
14894
14880
14880
14880
14887
14891
14875
14893
14883
14891
14885
14875
14896
14897
14905
14898
14898
14902
14899
14901
14900
14904
14905
14901
14901
14900
14905
14906
14914
14906
14916
14913
14906
14914
14912
14918
14908
14909
14916
14918
14916
14907
14913
14915
14913
14908
14922
14923
14930
14926
14924
14924
14928
14922
14923
14924
14929
14925
14930
14922
14931
14931
14932
14932
14932
14934
14952
14938
14953
14941
14951
14934
14944
14947
14948
14949
14948
14950
14946
14937
14949
14936
14934
14937
14955
14945
14956
14956
14956
14958
14978
14967
14961
14964
14978
14961
14958
14978
14966
14970
14961
14959
14982
14982
14973
14958
14980
14965
14970
14961
14984
14984
14984
14995
14998
14986
14994
14998
14986
14986
14985
14999
15001
15003
15004
15004
15003
15004
15000
15005
15018
15019
15023
15027
15020
15007
15020
15020
15007
15025
15014
15015
15024
15015
15008
15024
15021
15023
15018
15028
15029
15030
15032
15033
15030
15032
15030
15034
15042
15034
15040
15039
15052
15049
15048
15034
15040
15037
15040
15052
15034
15049
15035
15038
15053
15055
15058
15053
15061
15056
15060
15055
15059
15059
15062
15066
15083
15079
15069
15077
15064
15076
15070
15067
15077
15075
15070
15063
15065
15073
15074
15078
15077
15063
15084
15087
15087
15088
15089
15090
15097
15091
15100
15092
15103
15091
15090
15101
15100
15090
15094
15091
15090
15090
15096
15101
15094
15103
15090
15104
15106
15104
15107
15115
15104
15117
15110
15108
15113
15116
15110
15115
15112
15113
15110
15105
15116
15119
15126
15127
15125
15127
15126
15126
15134
15130
15120
15122
15131
15130
15132
15133
15133
15122
15126
15124
15121
15130
15135
15138
15141
15137
15138
15138
15141
15138
15142
15158
15144
15152
15158
15154
15157
15155
15150
15158
15143
15156
15155
15149
15157
15145
15151
15142
15143
15159
15166
15165
15163
15168
15164
15160
15166
15162
15167
15169
15169
15185
15185
15176
15177
15174
15178
15183
15182
15177
15175
15180
15174
15179
15186
15186
15193
15204
15204
15210
15194
15195
15198
15207
15195
15211
15212
15202
15198
15194
15201
15210
15196
15200
15210
15204
15196
15214
15214
15216
15221
15216
15219
15221
15222
15218
15220
15216
15223
15228
15223
15239
15237
15224
15238
15230
15230
15231
15239
15228
15223
15228
15238
15235
15239
15225
15234
15240
15244
15244
15241
15244
15244
15245
15244
15247
15258
15262
15248
15250
15261
15265
15257
15266
15263
15263
15251
15252
15256
15249
15258
15259
15254
15257
15254
15260
15268
15279
15281
15281
15279
15281
15277
15277
15274
15273
15282
15274
15272
15271
15283
15286
15287
15288
15286
15284
15283
15287
15288
15287
15288
15283
15287
15289
15292
15292
15296
15292
15292
15289
15293
15289
15296
15298
15294
15299
15303
15300
15303
15300
15306
15301
15304
15302
15307
15323
15307
15324
15314
15324
15309
15321
15316
15310
15316
15322
15317
15307
15324
15327
15320
15327
15324
15315
15314
15329
15331
15329
15332
15331
15330
15330
15335
15332
15329
15336
15349
15349
15345
15344
15345
15349
15340
15339
15341
15342
15338
15339
15344
15350
15360
15360
15357
15356
15356
15368
15354
15360
15364
15358
15359
15353
15351
15358
15354
15371
15371
15373
15391
15388
15379
15386
15389
15382
15374
15380
15380
15375
15384
15377
15389
15384
15377
15381
15376
15377
15375
15378
15392
15392
15395
15394
15392
15394
15398
15397
15399
15399
15399
15402
15403
15407
15409
15414
15406
15421
15423
15404
15419
15404
15418
15419
15425
15413
15426
15419
15421
15420
15414
15417
15414
15427
15433
15432
15429
15430
15431
15429
15434
15435
15442
15444
15436
15443
15439
15445
15443
15435
15434
15445
15436
15441
15437
15440
15441
15438
15436
15435
15446
15447
15448
15449
15448
15450
15454
15455
15464
15451
15450
15453
15464
15456
15454
15458
15461
15451
15463
15459
15465
15476
15478
15476
15474
15475
15479
15471
15475
15469
15484
15478
15483
15480
15478
15482
15465
15482
15467
15466
15485
15487
15495
15493
15495
15492
15489
15498
15496
15485
15490
15489
15492
15496
15504
15499
15499
15498
15493
15499
15489
15506
15514
15514
15517
15512
15508
15512
15509
15506
15517
15506
15517
15518
15519
15520
15523
15520
15522
15523
15520
15520
15520
15524
15530
15531
15526
15534
15551
15532
15543
15546
15535
15537
15552
15549
15526
15533
15540
15552
15527
15542
15542
15539
15556
15556
15557
15566
15564
15558
15562
15561
15559
15566
15567
15587
15586
15577
15574
15587
15584
15582
15574
15572
15587
15583
15572
15586
15586
15571
15587
15569
15569
15576
15589
15589
15590
15590
15594
15596
15594
15596
15598
15600
15595
15597
15598
15598
15594
15601
15609
15616
15609
15604
15613
15603
15604
15612
15606
15605
15617
15621
15621
15626
15623
15620
15619
15619
15617
15622
15617
15621
15625
15632
15634
15637
15641
15632
15632
15634
15632
15636
15642
15637
15643
15658
15654
15653
15662
15650
15643
15646
15663
15650
15648
15647
15660
15649
15654
15652
15644
15665
15668
15672
15666
15671
15670
15670
15667
15673
15677
15676
15674
15677
15676
15675
15678
15678
15681
15678
15681
15678
15679
15683
15705
15693
15691
15689
15688
15688
15686
15702
15706
15701
15683
15696
15704
15684
15683
15707
15709
15720
15712
15712
15710
15709
15718
15717
15708
15707
15711
15712
15718
15713
15712
15713
15714
15719
15716
15724
15741
15736
15727
15727
15740
15732
15741
15726
15740
15740
15744
15734
15724
15734
15739
15740
15744
15729
15745
15746
15747
15746
15747
15748
15754
15751
15748
15756
15752
15748
15749
15757
15748
15756
15750
15749
15758
15765
15764
15758
15769
15762
15761
15758
15760
15763
15759
15759
15772
15777
15775
15779
15772
15774
15779
15775
15787
15791
15800
15792
15799
15799
15791
15794
15800
15792
15798
15793
15793
15800
15798
15797
15801
15808
15806
15802
15805
15807
15808
15809
15814
15814
15812
15816
15810
15817
15820
15821
15828
15819
15829
15831
15837
15844
15839
15840
15846
15842
15834
15845
15835
15830
15842
15845
15840
15832
15830
15834
15838
15848
15851
15857
15856
15848
15850
15857
15852
15850
15855
15855
15858
15858
15860
15860
15867
15861
15860
15861
15871
15874
15887
15872
15883
15877
15871
15883
15884
15871
15879
15876
15879
15873
15879
15880
15881
15874
15876
15886
15889
15892
15894
15897
15897
15902
15892
15900
15900
15894
15906
15902
15892
15898
15893
15904
15908
15913
15919
15915
15914
15919
15919
15919
15912
15917
15913
15923
15927
15930
15924
15927
15925
15928
15934
15928
15935
15924
15933
15937
15941
15939
15941
15940
15944
15938
15942
15939
15941
15945
15957
15952
15946
15958
15962
15951
15949
15951
15955
15960
15951
15962
15963
15976
15977
15972
15964
15972
15964
15968
15970
15969
15963
15982
15982
15985
15984
15983
15983
15982
15988
15983
15984
15989
15993
15992
15993
15995
15996
15996
15995
15997
16000
16003
15997
16005
16005
16003
16000
16010
16000
16001
16003
16003
16007
16001
16008
16012
16015
16013
16015
16016
16015
16012
16014
16013
16012
16016
16017
16018
16018
16025
16020
16025
16027
16027
16026
16028
16027
16028
16026
16026
16028
16020
16023
16019
16023
16029
16040
16030
16036
16044
16046
16037
16040
16043
16044
16030
16043
16030
16032
16032
16047
16039
16030
16043
16036
16044
16048
16048
16050
16052
16048
16056
16053
16055
16057
16058
16064
16067
16065
16060
16066
16063
16068
16059
16059
16059
16069
16072
16080
16079
16077
16072
16072
16076
16075
16072
16070
16069
16075
16081
16090
16082
16086
16085
16084
16089
16088
16081
16084
16092
16104
16105
16096
16094
16094
16098
16103
16094
16106
16107
16107
16106
16110
16116
16113
16111
16112
16112
16115
16116
16112
16118
16111
16114
16112
16120
16129
16124
16123
16123
16132
16132
16130
16122
16121
16129
16128
16132
16127
16133
16136
16134
16139
16138
16141
16140
16139
16140
16145
16156
16153
16148
16154
16151
16159
16160
16160
16161
16161
16164
16167
16169
16163
16168
16173
16173
16168
16179
16179
16179
16168
16170
16177
16180
16187
16192
16196
16194
16182
16184
16183
16189
16185
16180
16188
16197
16194
16203
16190
16205
16205
16205
16207
16205
16206
16207
16207
16208
16215
16213
16209
16219
16208
16219
16215
16219
16213
16209
16216
16218
16214
16215
16215
16220
16224
16223
16223
16227
16226
16228
16241
16237
16238
16241
16240
16233
16237
16230
16240
16236
16235
16228
16242
16231
16242
16246
16247
16248
16261
16254
16255
16248
16257
16260
16251
16263
16258
16248
16260
16266
16267
16270
16266
16271
16271
16273
16271
16273
16273
16274
16280
16280
16274
16282
16278
16276
16280
16274
16277
16283
16286
16303
16297
16297
16295
16289
16294
16294
16293
16302
16301
16285
16294
16291
16285
16295
16304
16306
16306
16311
16307
16312
16308
16308
16313
16329
16328
16313
16321
16318
16317
16320
16323
16325
16319
16318
16328
16321
16329
16326
16328
16325
16331
16332
16337
16352
16356
16358
16359
16338
16347
16350
16342
16341
16357
16335
16347
16346
16349
16336
16355
16341
16342
16361
16383
16380
16381
16361
16379
16383
16370
16366
16367
16367
16380
16364
16370
16379
16365
16374
16361
16367
16382
16373
