3892
2343
1560
1291
1963
2739
3919
2335
2155
3993
683
897
380
1817
3538
2415
3965
1821
1564
2241
2109
718
3952
1550
964
1284
3899
3462
2900
3483
2506
2745
2356
1804
1750
1232
966
1078
3891
1427
2568
3562
1483
2464
2355
2748
3709
3182
1636
4019
3473
793
3294
4058
2239
2855
963
3629
627
1710
1050
3979
365
1024
2707
4090
1891
1212
3387
2988
1270
1496
2935
2875
3740
277
628
1117
1162
3979
3904
3115
2001
3728
3322
615
690
904
3264
2764
3339
2804
4084
700
977
832
1570
1967
2529
3866
3775
837
1934
1732
1188
2428
1545
3675
1072
1816
3239
2673
3321
722
3044
2048
2432
598
1956
2638
2268
672
1506
1411
2760
3286
1603
2383
711
2081
582
2330
3269
3559
1408
341
4083
1814
1048
2357
1021
2886
1666
110
582
2302
434
3877
55
425
4007
1919
2044
1141
3476
2391
2154
3596
623
1813
2387
3301
1253
3119
840
1035
1260
2000
3507
596
37
1969
3780
1947
3526
1399
2364
2818
1645
965
1469
3691
3324
1391
2531
3863
2461
271
1648
64
209
3034
4014
2473
2749
2301
1530
1192
1636
1397
3797
2534
228
1205
3505
2135
4074
1983
3094
812
2762
97
1488
1182
3928
3257
919
2906
834
3653
3664
2110
999
3105
2382
958
926
3030
2732
2604
674
2237
3837
617
1084
2598
3967
3204
1748
1493
1881
2005
784
2690
489
2112
1524
3782
2067
3885
594
117
4049
257
3130
2326
1285
1712
3609
2765
1563
2954
2811
42
1505
2312
1770
1687
3600
324
75
2398
3399
2183
237
136
1579
3935
2167
1769
3152
449
3000
2938
3016
2314
3389
135
23
3058
3399
1356
768
341
1203
422
2036
2853
1019
1679
2129
817
2611
3670
674
553
3878
3350
3228
1084
3751
2562
3739
2236
3028
1433
1835
2506
2797
3444
1700
3473
1110
3401
2928
1768
1813
1143
3685
2844
1040
2390
2167
3534
2979
3815
3256
579
1804
2053
1715
1916
3825
3259
2362
1663
1198
1305
3692
276
2128
295
2405
3076
4078
514
3225
4005
1123
1468
3693
2570
1142
2397
3712
259
705
3017
2251
336
1997
3306
1328
2671
3002
2123
2142
380
2033
1389
302
1193
3769
3301
175
3840
1383
1099
3257
2108
1424
3963
2025
3758
3595
40
1810
1198
3958
2361
1214
3100
1928
3887
1609
2400
1925
1490
2927
3225
1212
3056
3650
1996
1510
1060
1237
2405
4039
3178
2943
3082
205
2632
847
340
1015
3546
1693
578
747
2173
283
1078
1599
947
554
3575
2026
2113
2461
2217
321
1070
2037
2795
1252
3934
969
2099
661
2442
1188
1668
743
367
1763
1236
561
3136
211
3190
3040
1526
1119
3955
2698
2058
3512
434
3926
3280
454
1773
2099
3006
2226
3414
968
1894
3102
1176
2686
691
3299
2221
882
438
2892
1182
982
1397
1140
3330
1988
967
1951
3711
38
3896
2998
2143
1444
2567
3502
1194
514
1452
4081
2307
1594
347
1354
261
968
351
318
2727
3016
2733
1900
4055
2384
1557
865
115
172
2312
1149
635
81
3088
1066
2747
1919
1367
131
2000
495
3444
3959
107
1741
799
3397
2392
3729
3474
144
333
2260
2703
2961
2438
1612
766
3845
2053
20
3465
3169
2481
3055
276
2586
2312
1175
1857
2226
1197
3814
396
230
1644
2855
2149
880
3607
2276
907
1901
4059
4012
3251
1010
1492
3969
2724
272
2454
3689
2600
275
2901
3979
3568
1945
3530
1191
1551
3344
1206
45
3452
2969
2112
2296
79
2257
696
1693
2817
1631
3500
3332
647
2684
3155
71
2544
2167
1442
1905
1460
1688
2645
2334
636
2084
2183
2889
3868
3401
1621
1511
2956
728
394
966
2966
3481
1786
3864
2038
2655
2052
1892
3879
4080
1889
4092
3253
724
2901
2936
1632
1636
1851
1960
3926
2377
2201
663
1707
3501
3541
1373
1531
1111
614
2947
840
1024
844
2230
3339
4015
2028
3130
3450
1104
2195
3900
432
2568
678
1361
4042
3038
2332
3233
3075
2470
17
1192
1616
1601
3925
289
4041
3843
3990
1016
24
111
76
2609
1912
1789
1053
4018
2270
1694
2610
1256
2590
3637
1165
3367
1421
560
1436
1835
2730
3637
1710
3020
488
3367
2507
1271
3349
2597
1203
3322
2610
3833
330
2492
3206
1236
1784
1894
114
1000
1479
766
3287
1029
2362
29
2661
2919
0
294
346
1508
1242
421
2851
1105
2843
3484
770
1230
122
886
2480
1571
2531
501
157
868
151
2010
3291
3495
1979
2873
1288
3906
1131
1216
998
2280
1865
1538
220
903
3778
1290
2967
649
1341
1102
1844
1435
800
842
3983
3841
1709
1194
4065
3728
3299
3272
173
3947
2049
2960
1136
446
1990
1094
2747
3374
2925
2928
283
1549
1911
3775
3440
4039
3183
1579
1753
703
1722
488
3903
2717
235
876
99
598
1475
1082
2901
3036
4054
2680
307
1672
843
161
3967
3809
402
983
2846
1806
1058
3315
2719
3283
1663
3941
3398
2665
2483
2518
190
3248
1372
1520
1502
897
2386
1150
1694
2307
1163
2811
1855
375
3028
3931
3102
1329
3938
678
2183
1961
1863
3485
2729
3648
795
568
541
878
853
3828
837
944
1549
1601
3845
2734
3120
1241
1726
1003
3941
159
1338
2816
4000
331
2508
1419
1389
2662
176
940
3096
3994
1789
684
1336
450
1800
3660
2655
912
2177
1571
3915
2755
1120
2459
4057
286
1269
909
2696
2847
3334
94
247
3863
902
2718
150
3245
2893
787
2517
674
3547
3162
1418
2203
3335
3706
1451
1622
101
3408
1940
1545
188
723
1299
0
3265
782
2807
492
4053
10
3798
637
3368
3235
2713
976
161
464
1863
3603
3022
1558
1540
837
2373
1027
3817
261
3455
1331
676
1139
2856
2969
614
1094
924
2893
3997
1930
3527
2689
942
1149
1808
779
409
3703
3915
1513
1595
1662
947
2922
3698
1645
389
3452
3937
4085
2539
2503
3982
4002
2691
48
1706
199
844
961
3437
3250
288
3933
565
2113
1620
1894
3780
1264
3987
3044
3866
2575
3409
3107
2586
2295
2076
2624
3790
2678
1226
2467
2532
4028
2714
623
4001
1844
3779
678
143
2891
3336
3773
2116
2789
2436
426
1023
91
3160
385
1159
3011
641
812
3699
2527
3961
1279
3138
1010
80
1507
1521
638
2777
2723
3232
2483
2448
1146
2717
303
2013
1788
4039
4
511
1477
2220
2987
2431
1736
1819
1385
743
2218
749
2531
3395
3744
2339
3564
2144
1886
2
31
3716
707
1360
1875
2526
715
1517
708
2328
1719
1467
790
2521
2683
3450
1639
0
3423
287
2170
1596
1915
447
265
1279
365
3624
706
2490
306
1729
1536
1674
1012
3184
2881
3335
598
1524
3423
698
2857
3900
1447
3659
412
3910
332
1912
3647
611
1468
1311
3575
2516
2022
589
1178
636
330
435
2207
2200
3890
3295
3677
1723
1752
1711
114
3246
384
3667
717
1193
595
1723
2435
265
3251
1360
3494
1059
951
135
517
2490
3267
2736
2058
3292
315
3717
2608
3121
710
2415
841
3530
3710
632
2002
3359
3283
1426
3162
2765
3224
76
4069
1246
207
2418
1386
3318
3064
4018
131
2988
3205
3819
120
1745
2146
2090
1072
3069
4084
2197
2461
1812
335
66
1165
731
3081
3686
2569
545
1398
1545
3578
3090
1974
147
3470
3285
1835
3252
4090
2722
1908
1000
3042
2554
2223
2501
3709
3275
7
2867
1177
1783
922
761
3967
1706
3200
690
301
1054
3297
3473
1513
1602
316
1027
2868
2348
4088
1931
3750
2171
2498
2867
1609
3934
3850
933
1943
1907
1573
2116
1262
2004
1073
2551
2294
2094
1463
2960
3611
1686
2048
96
2440
1934
2204
3866
3542
251
1212
1993
968
3374
4077
775
1729
2263
2813
3529
3857
3472
1247
2071
3104
3387
1151
3317
2738
1190
663
2081
1118
3368
1087
2467
629
3548
1015
553
719
271
14
1227
3149
1813
3821
1506
3283
3210
1837
772
1354
325
404
258
2618
2853
2939
647
2348
695
648
2029
836
189
3887
154
881
3366
1432
2817
1851
64
19
3203
2759
1081
2099
439
1575
2663
2723
3233
2163
2075
3494
3511
3539
2366
2911
2352
3132
2894
2649
221
1716
1303
2869
1935
2835
2783
1813
2828
32
3015
1186
205
684
3264
378
3746
1162
970
2787
1702
1769
234
3449
1312
3680
2627
572
2817
1792
1925
3315
2227
3155
1138
2318
1878
4044
94
1590
751
233
2974
3127
858
1778
1631
2143
3378
3130
3355
1749
1182
3813
1229
1352
3020
2262
3947
3406
969
1821
2985
998
2596
1279
2353
3613
3942
3383
3175
2993
3011
2102
1783
1981
2087
1009
2266
2518
1097
644
391
641
3827
876
2864
965
1776
1699
4065
1840
470
844
1858
4027
3447
2707
3486
3983
632
2745
2996
947
1500
2802
188
3356
1670
3225
2980
1382
1664
1209
200
2962
221
3745
2278
656
2290
1772
3157
2258
2369
310
561
2073
3256
515
2488
2628
1985
887
157
62
1307
1474
1061
162
180
762
1145
1080
1829
3946
3838
3761
3803
2394
599
1143
3978
548
1677
1357
470
2726
3805
963
2935
448
1814
3994
2224
1938
453
3408
727
3263
2391
3382
2562
1047
3866
3062
1730
3573
3727
1457
3523
9
2227
2438
2924
4079
1308
2170
1917
2561
2418
85
2591
1138
721
3829
838
3773
2012
3806
3412
387
2588
863
912
3851
1553
1400
3897
2669
3110
1667
604
3322
2622
239
2443
1875
2836
94
1340
1559
3116
484
3285
4094
1414
1061
2299
1055
626
162
3271
1924
3747
1812
1937
3971
1154
3910
1903
1472
1208
2815
392
4056
3498
186
1508
321
3028
2413
713
1344
180
605
3564
2269
2405
659
558
895
3029
4019
1516
3777
2642
1124
2853
894
2328
994
1668
62
3480
2432
2310
2699
127
2887
4061
1379
740
1425
3241
4042
1679
2240
996
2504
1615
1348
3628
4045
1028
1517
559
3257
174
748
3777
1126
497
3050
3743
2659
1697
1611
2231
2908
148
2720
2101
2372
2016
1543
3807
2485
1690
37
767
1961
3079
2985
1987
2797
2736
3891
1376
3005
2634
22
1318
2935
2475
1031
1862
1532
3691
1476
1152
3189
2200
2463
125
2495
1651
14
2606
3011
2966
1684
612
2537
623
2880
1641
1759
78
115
2295
2184
457
2099
2286
2416
3444
3753
3914
3986
151
1918
1714
166
1965
733
1067
1735
609
1122
3048
980
1992
2985
3276
3842
2007
3587
1004
2090
1590
2177
1262
1577
247
1631
2204
2460
1073
2456
3648
2092
1567
523
2825
1408
3086
3447
824
2427
4003
394
79
1172
4004
1807
1228
1389
1377
1449
3768
419
1492
710
3622
66
1510
819
330
2088
3764
3919
3469
1888
4034
1966
2615
704
2251
4000
1610
3203
1683
2291
1924
3192
393
3777
1181
210
359
3003
170
380
1774
953
605
916
2085
2634
4064
966
2302
3121
254
3501
635
3017
3584
3844
3727
3843
1142
3788
3107
3805
1286
3086
657
1317
394
919
2052
1645
632
1959
3310
1829
2483
1240
1537
3737
221
676
1177
3970
1777
3890
3591
305
1509
477
3966
1781
652
2183
1584
3352
455
919
2158
1776
2775
1201
412
2644
929
3461
840
2122
1472
3561
473
1423
1706
692
1017
54
2069
3752
1402
2364
1123
2848
1560
3193
1017
2684
981
146
2247
4087
2132
225
3146
2514
3968
231
3824
1771
234
3013
1597
2375
1920
270
3722
3388
3826
3476
3755
180
489
2995
3262
1941
1849
2069
1326
4017
475
2481
1606
3828
760
1344
3131
3547
1688
3019
919
1138
2747
841
2870
987
435
44
3083
1474
2110
928
3434
3976
1826
3971
2393
2797
1818
3438
1957
2394
819
1921
389
703
1439
2365
3384
2984
38
3320
2763
3863
3377
813
3286
3349
1945
3786
788
3133
3091
2907
3554
1743
625
3145
683
1808
2418
2240
1900
3359
1406
1456
2324
3286
2103
527
2866
1316
2198
2985
510
1328
1261
451
181
3418
2647
3063
2168
2716
4036
3796
3704
4079
2934
3245
3762
2226
1179
2593
578
3504
2479
1372
2485
2097
137
2545
3141
3764
1112
3609
416
173
3695
2182
1221
2748
2742
3878
289
1438
2685
2306
2033
1688
3856
2437
260
319
4042
1679
2120
1446
2223
2222
1992
2747
626
1254
3334
1772
725
26
2164
3749
1237
3859
1990
1034
3792
1074
1993
2289
3840
2423
654
3492
3151
1490
874
1559
1115
1750
3646
3257
3101
2376
849
1576
1329
3405
105
664
1898
3694
884
63
1967
2034
1867
2597
4058
1587
320
1714
3713
989
688
3144
2945
904
3854
3345
2602
3139
2384
3907
790
384
3715
10
1478
77
2864
1299
121
3840
2630
3292
4062
1844
2897
4020
2033
290
1859
552
3207
835
1305
2959
1862
2341
3634
3676
1786
806
3190
18
2835
111
3809
2373
3678
519
748
3310
1159
3548
2111
3489
2950
2779
1892
1817
2050
588
488
3552
3044
2367
690
3119
4020
26
3714
931
2288
2850
3936
3216
1232
204
241
3273
2767
415
2196
3308
3438
1798
2552
2624
2319
3351
2394
1726
3514
3996
1941
1297
3256
216
997
3237
3989
1031
3053
3210
1051
3412
1782
2865
3403
2710
1657
3489
553
1298
1699
2369
2456
1306
1906
3872
2357
2126
3473
2996
395
3498
2948
2130
900
3403
2956
1959
2985
2749
3090
119
2828
2114
1892
3131
720
1943
1871
3153
3403
1246
2764
307
2896
3255
711
1228
43
1271
203
666
1215
3234
736
1440
343
3218
355
738
1022
3356
572
1449
2692
2466
1980
1238
3598
685
3262
2947
668
3956
827
3323
3618
3273
885
179
3531
2376
1939
3804
1944
1017
2158
943
1274
1483
1049
1546
3929
2236
1004
1446
40
3557
3873
3187
1865
2532
3951
3075
3771
3205
1895
2047
2632
2959
1579
1854
1239
683
818
2108
3975
1263
1725
2200
3387
2910
2793
570
2220
609
1531
1777
1098
3492
899
1152
3985
2919
4078
2063
601
2068
1142
3932
3630
2181
2355
1839
2380
271
3128
1713
1392
3050
249
968
1087
2306
3775
420
1691
327
2622
1046
3784
199
499
613
1550
1339
441
1527
3338
3423
1326
3256
1529
2831
3423
1617
3518
3068
2700
1168
1014
2193
571
840
3049
1418
762
1935
1304
2875
1481
2050
3822
3987
2173
994
348
4043
225
2562
3389
2453
3446
1391
2350
1531
919
1918
2002
2436
794
3847
3560
1226
2933
3154
848
129
1455
2217
2309
2433
1976
1966
3700
2421
2455
1448
1269
2887
2613
4022
3376
3675
361
1543
1627
2002
3810
491
948
3831
770
3308
1196
633
2024
3896
3391
926
3977
931
1519
3727
2187
279
1924
2469
288
1110
2734
1997
3595
606
1283
3109
4091
508
1245
4090
787
463
3763
886
99
979
1734
2069
47
3734
4049
4092
2862
549
3538
1173
2580
1928
1493
414
747
4022
2111
103
1417
3308
2517
3164
2341
4048
1191
163
2042
2642
218
3140
2224
898
3690
1040
979
479
1299
3886
3132
2571
755
3286
4080
1333
2774
348
2787
2131
2274
218
646
2340
492
852
1964
2429
1063
1419
2343
207
3493
2809
1173
4004
2081
3847
377
2856
1206
26
3540
1782
964
1998
2199
2596
3296
1389
1715
3933
762
3647
511
1563
1527
530
1649
2338
1076
1933
2622
2403
962
1399
2412
4058
2425
1228
1426
2136
3801
1964
178
1065
2272
3631
3828
103
2441
731
264
220
464
2675
2320
3588
1883
4068
2390
2579
523
1281
2014
3286
994
4023
71
3605
4042
3125
1963
1944
4062
3406
215
3772
3339
678
3222
3491
756
2263
1629
53
2913
2640
1163
846
910
969
428
1579
3936
1777
3347
4036
1687
3940
2692
2880
3849
1477
3649
1817
1354
2878
2756
2072
1872
1140
1126
2541
65
63
2906
3834
2612
1726
786
3347
3203
1443
1590
1911
126
2833
1368
803
2378
326
3058
576
2219
2334
298
2089
3007
2727
2117
204
3877
2779
3577
1010
2305
240
3269
1556
840
139
460
2769
3629
3907
1727
1580
2163
2714
818
1558
2617
2168
648
315
666
2373
653
3486
3584
915
3274
934
673
334
2410
2673
964
1259
249
2350
16
3866
931
1919
2308
1338
823
2800
2898
1507
844
267
2953
3962
940
309
1586
1981
1641
3459
3334
2215
2386
2344
1735
3205
963
771
4012
324
762
3200
1146
482
2835
994
2472
3974
3688
3440
3712
3284
1072
558
1384
773
1801
1023
3932
3681
177
3622
2340
1717
4067
2884
2519
74
1022
1594
286
3300
3859
1248
2320
3252
3725
66
1423
2563
1080
1865
3863
3110
2698
812
3900
3771
1778
109
941
2082
496
1639
1084
22
3735
368
4027
3626
2190
2305
2419
3362
2305
2598
287
1760
3940
3428
1211
1205
2939
830
1614
1912
2557
67
2021
925
3679
1253
2455
135
2689
2403
1289
3037
2610
3327
125
1257
3454
2914
455
31
947
989
1266
1307
2896
3288
143
3036
2900
192
1024
2087
2692
2213
1297
88
3179
2107
1971
515
3164
1381
876
211
84
3543
203
2255
792
1155
207
3323
664
2122
2079
1598
124
2198
4007
4063
3112
969
1846
2311
618
40
407
865
1391
218
1035
2841
872
3631
1495
1096
2344
1901
3217
3259
3368
1033
963
471
3198
1472
995
2770
3111
2543
1737
1277
3104
2303
3273
1761
3275
2633
751
3804
2472
2628
2951
593
3175
2701
1985
1199
185
3606
2975
1040
706
191
602
1963
2045
3649
3464
3951
3028
1989
1758
728
3900
1581
3086
3519
1196
1659
3502
1626
2412
215
2390
252
622
3390
299
2060
4037
1191
2144
1388
1697
3211
1484
995
2425
3440
232
486
2314
1056
1
3018
755
3853
2455
2835
3227
1487
282
3681
3823
3056
1659
3274
2795
294
1842
1592
3112
611
163
1584
19
1471
2804
4054
2734
220
1777
2366
1957
258
414
1034
3430
1627
2053
3238
2788
476
456
1480
1436
3666
2393
2092
2111
214
3515
1769
2267
2363
2159
1755
3190
3502
1904
3590
975
2701
67
2178
3765
1183
3998
167
38
833
3809
1110
599
3339
2898
226
1785
1249
3416
398
2788
352
544
2966
3447
1119
1772
2096
321
3222
2531
1334
3633
1511
3035
1116
1006
1235
1184
1610
1663
783
3984
2217
3996
1057
275
3705
1309
2995
2713
2388
2345
2174
1788
3360
3414
1822
1371
304
1698
2781
3384
2375
2192
1765
465
898
426
498
2381
4047
1886
3900
79
2606
789
2338
1533
3733
2744
357
1465
1718
1398
1543
2300
1368
1591
1043
2076
3554
686
1940
1788
2545
1238
2964
2588
500
3957
2280
2225
1194
710
4038
1349
1450
3922
3974
885
795
2215
202
4005
862
2855
2230
1221
3141
3708
1189
2499
3821
3348
1112
2251
3906
1915
2028
1908
3847
1332
1186
2473
1826
716
469
4001
2845
1049
440
1864
567
2331
2280
3450
1508
2544
1596
1515
331
2805
2266
67
509
883
3703
3267
3056
120
1010
3642
3651
205
1745
1374
594
2093
2739
2759
402
3575
2023
171
660
81
2881
123
777
2013
3753
1779
2067
1077
1906
1060
2818
1583
3435
1300
3454
1471
1068
3957
781
1646
4082
728
1
2671
3859
3986
4028
611
2090
1100
2408
724
2158
1556
3543
466
802
2667
334
897
1628
456
1584
1504
3746
1681
557
1866
1123
4056
3879
857
3760
3988
3660
917
1708
1443
363
118
2032
3953
592
2391
782
2026
3708
677
2019
1293
1858
3913
879
3268
2786
2383
1693
1635
3263
1212
3258
742
3067
2886
3729
3382
3354
3934
1053
2749
458
3626
1730
559
2297
2584
256
1028
2052
2252
2457
245
1576
3889
1408
3400
1848
1025
3921
696
3595
3215
2318
532
1720
2129
3567
3140
2914
1561
2343
2104
624
2613
2643
2213
3227
4058
749
1271
1242
652
3586
488
2138
4012
3518
3988
3225
1361
3049
3732
3165
3278
2732
2059
1853
1406
845
3061
3138
2823
3890
3711
1858
2662
997
2895
1347
1639
2598
560
546
2249
2027
675
3669
3364
352
3455
1267
2081
2506
2213
171
3432
3155
2029
2520
3012
2544
1802
3048
1612
3112
3741
3874
3742
1785
3689
752
1192
1230
65
472
88
1644
842
2692
3769
940
2576
2267
2833
1775
1328
406
3084
137
2231
976
2483
3533
1473
3142
628
2969
2526
368
81
2383
2141
3706
3148
2135
2377
3015
2541
1926
211
2274
2182
2108
1829
3699
2384
1428
775
1085
404
574
3237
2759
3487
3782
3278
409
1409
1079
3967
2140
1693
1082
1864
1103
1789
587
1379
1358
2189
1539
3473
2661
3453
1448
3369
2335
3059
1323
915
2784
2314
4033
3253
1759
2659
827
360
1728
3473
408
107
3
1772
3905
3465
256
2342
1901
2863
2037
1693
2733
712
3134
2261
111
3291
531
3046
2219
3568
2387
50
2047
42
1980
3759
484
2665
355
2317
2644
266
614
2601
3087
3422
1941
584
2334
93
3790
370
2263
851
746
1787
1592
805
426
3172
550
1297
1857
2470
542
2093
1103
1771
2817
1656
3561
622
2663
291
2083
3715
2999
2975
2493
741
2334
599
687
896
3629
1878
268
1573
355
1798
396
1541
2995
2301
2108
2185
1882
1909
3442
420
2262
3913
2880
1932
2539
458
1548
3524
1348
373
2503
4080
914
3826
3380
1295
3550
2310
545
1640
3304
2437
4011
2653
1449
2839
418
3521
1852
3587
2903
3728
3961
487
3697
1155
2081
347
3971
50
1437
1330
3693
3030
1896
1326
2706
2949
3856
2685
249
356
133
4027
2568
2082
554
3446
1615
3784
3612
238
3522
25
1009
1045
1546
2597
712
1425
1454
1027
178
559
111
3350
1273
1551
575
3899
1700
3233
523
378
3393
3817
2892
2028
1527
1360
31
3594
1527
1599
1813
1921
674
3766
1361
2039
448
2973
2934
357
3073
1979
2554
2659
2829
3451
3683
4072
1105
3860
2449
157
568
669
52
2435
1696
2162
3908
3280
2448
3286
2610
915
3338
1361
3916
460
3849
1627
1624
782
2666
1828
4074
1116
2591
2864
2593
3991
2817
320
1395
1700
446
1264
3525
2484
3578
3530
1891
3777
484
2159
801
2525
1746
662
2459
2271
775
654
1028
2913
330
2239
3276
1235
1536
966
3750
3121
3217
3175
783
3901
3787
196
89
2247
2794
2303
650
1777
1521
2467
655
648
2600
514
3865
138
3351
2352
3280
3622
3826
14
1472
2980
3518
451
1812
3988
205
3786
2238
3933
2750
1571
2930
2417
1916
2331
498
1658
1220
2572
1052
3762
2925
3721
2646
1670
125
2002
2810
1735
2664
1776
286
279
480
3771
818
3646
4044
4064
2872
597
2923
2208
618
105
3154
578
1172
1200
481
1130
1913
355
1079
3667
4061
1726
3476
1802
3764
811
1141
2021
1780
1499
244
3210
241
3197
1939
1429
1728
1636
378
4051
484
3197
2391
2689
2951
2270
3061
224
1102
776
3480
906
75
687
3934
1778
1798
2837
523
3928
849
2183
614
1678
1219
579
1290
680
1062
227
1817
477
540
3908
3024
415
1077
3473
1498
3391
255
1928
448
2615
2612
1119
1364
2488
1922
3099
2036
3080
605
2230
1970
770
2238
1395
2117
1544
402
515
3831
0
2553
3669
2478
3083
95
1400
2539
2403
1074
3808
3306
2862
989
1242
402
1084
705
555
4053
1653
3653
4008
3035
3165
2705
721
3093
846
1828
16
2970
3399
2810
1303
2620
2262
1005
2513
4005
3996
2350
2133
1433
3086
1214
3654
845
3266
437
1179
3712
1888
1781
1659
2359
2757
73
3445
2290
3136
3940
596
1786
1853
3565
3866
1050
2745
148
2669
2976
297
3850
55
1062
1098
1755
391
1436
4012
4042
4050
914
1377
2981
497
3470
1431
3043
3286
2860
870
2942
888
626
2225
2167
776
