7481
4849
12723
16163
4859
6548
1921
9343
10080
15336
825
14997
13111
2437
5634
6351
6739
4576
8849
15900
12847
1157
15566
15099
2779
956
12641
4624
5231
13310
11213
2983
4059
9142
6071
15737
2035
14067
16185
9221
7641
2502
1470
5947
5006
10168
8306
5727
14781
14610
7888
8763
3437
10062
13357
102
4779
9425
15493
7031
10024
6811
14922
3184
12418
10078
14453
2052
1127
4390
13552
8879
9228
11895
7544
392
14782
12874
12120
14631
1919
2565
1325
15026
15322
3354
4612
2322
8581
12052
15547
14844
13257
126
6393
12833
8839
7919
5036
6097
7058
9338
14786
16344
15239
15017
12800
9727
14086
10929
4610
6940
14196
7586
15990
2352
12073
5062
5246
12757
2914
9724
15422
14842
2866
6214
6518
2130
16295
6187
5952
6611
14495
16213
14438
15357
9069
2856
6209
2343
3207
4731
9245
15518
11744
1318
11833
13947
8900
11613
10082
10601
919
9443
8256
13159
15407
4449
5952
4272
3222
8726
4996
15124
15299
10408
6460
3342
7832
6073
6862
16014
8941
272
14023
8340
14620
11599
299
15931
12289
16164
9278
15963
11288
4221
12121
13427
1604
6765
8433
11449
16336
1726
11192
7199
3478
8095
9883
3590
5108
12076
1653
12026
84
15019
499
11221
11660
5820
1995
4613
10398
10725
8915
6212
3829
1420
11329
2908
6833
13525
14778
6853
15017
10816
8916
2981
2216
5256
4442
10677
10534
182
6932
3561
7283
10397
15876
10185
967
923
15688
5028
6006
7042
14786
15413
8732
9436
9409
3980
3005
14768
4900
9795
5277
12050
9350
10349
6493
15114
13728
8412
14182
4740
172
7752
13059
4812
1446
2122
6417
14984
6821
1702
1914
2498
3962
15470
13660
7283
5355
2548
2624
12256
7946
11073
6368
16259
10877
2687
13316
5521
16366
2934
15014
1429
8378
9843
13419
14958
8174
5318
12804
16058
5660
6436
12526
13919
7009
13133
10912
3598
16008
7335
4454
4976
6610
3367
5679
7303
7657
5001
304
6648
4716
13649
6894
1742
967
13160
13474
13832
4792
5285
8068
7524
11971
9167
11483
7252
14150
10629
6260
13008
5334
2479
8382
11825
11504
195
8418
4541
5441
1678
8273
3967
2679
13793
12285
3410
4924
2887
14431
11953
7485
7911
9713
12383
9331
310
3788
9838
8455
1933
14021
7232
7282
14641
9344
8603
2463
2434
10043
11954
3655
1743
8330
1523
1644
9036
7981
1560
8060
12045
125
7819
15095
11530
1682
13840
15337
7255
1220
3863
3202
12881
13790
12923
8087
7870
11284
491
7131
2555
14326
9579
1101
7672
4044
1567
2998
195
13197
3264
2612
2954
13219
12419
3769
4396
2892
7821
12078
5732
7544
2408
9664
13098
8110
4012
5769
7668
3802
8833
13733
1963
6938
11818
698
10629
47
7036
11542
2065
4169
4524
13550
14749
1582
8530
5642
12139
13454
11782
10807
9168
5320
4981
9058
2828
9027
6336
9295
3669
7993
13180
4726
506
7435
4213
5070
3954
9096
5917
4408
11889
7493
3415
5099
11698
92
441
1224
6794
10628
5225
13264
154
1653
4573
2382
4346
10896
13155
1960
15971
3037
4254
4868
15487
11225
12636
11174
6690
7491
11232
14710
1178
3583
8422
1332
13945
688
14848
10495
13267
2693
6730
8888
7125
10012
5270
15257
15288
6760
14637
8251
5626
3912
8549
4408
7296
9935
1792
12159
7052
10876
985
10476
4634
8880
1029
3053
10978
10395
11957
14087
11833
1478
775
16141
6772
9069
9471
437
14014
7362
2082
10257
14316
3481
10863
11376
14772
71
4441
14656
14244
86
12037
3008
3041
943
8188
4078
10068
10601
9898
7647
5307
3657
1076
12269
4439
1444
15660
6624
8811
5433
4194
324
728
145
12307
11767
586
4536
14397
14136
13828
147
2868
16047
1559
5898
14338
404
14895
5988
4660
974
13317
5391
12860
5468
5776
323
2167
15564
8055
8140
16162
14329
4424
4574
2626
9667
4647
519
11943
2087
15068
9329
1338
5852
305
12400
16086
470
8061
7488
5033
2875
1877
9350
585
11877
2547
1286
3403
12687
1444
14814
9954
6287
6410
931
2470
8052
7530
7705
15162
13184
1813
15805
4957
2524
12860
15179
14743
11930
11254
6594
10527
16330
2205
15932
364
11141
13532
13090
8245
4557
9650
13688
1251
14873
2506
1858
3585
3980
3630
930
1550
7662
8130
11823
2310
5630
9848
16161
4055
13131
1844
14762
5993
3005
995
6862
8451
3401
8510
8120
50
7718
13971
5832
992
7437
2800
8802
11721
6383
13710
15923
2992
6683
15557
13567
9130
2782
8741
7735
10486
15787
5422
12249
13913
5512
3557
11289
14429
12084
2023
13712
15420
741
3547
15329
7170
15934
14515
568
3849
2718
12261
13968
5484
13744
7872
12995
12540
4653
6806
11889
14004
14055
12022
11195
15930
9656
15871
427
7077
7912
13844
8464
539
11492
883
11967
12309
15884
124
7442
4476
13748
7252
5182
5845
8860
11321
897
11869
6335
11144
3186
3337
8432
2736
11761
13969
13574
2885
12145
10244
8069
2609
8568
13940
3780
8332
388
2052
15321
15483
541
10738
15266
1922
12625
4229
7323
13833
3855
390
14296
10157
2298
10045
14346
13008
6965
9757
698
11504
5806
9484
14672
10219
8277
13843
13904
14801
5369
2186
1475
11907
14190
3815
13484
10652
129
6187
10997
770
12194
10876
16056
9350
4235
14908
14500
11408
11657
9234
4931
7672
12577
7000
13719
889
12096
8316
4654
5340
10575
2091
15504
14885
1609
5735
3749
6048
1399
9677
7815
736
3761
3769
15463
8560
11592
13361
10604
11693
9113
10905
14104
9210
16000
123
9942
9252
3023
3006
1995
14562
6433
8554
3050
15884
5550
9513
1005
2005
16222
1617
11268
2157
6148
15774
10690
10745
786
2390
2467
357
3687
2704
14799
14683
13347
6174
7451
15890
2518
377
14729
2735
7858
8768
5836
11411
13085
3824
2731
2452
9653
4929
638
10992
8979
3617
5063
4979
9710
11792
944
15529
7477
8327
6528
15019
3827
10862
9899
853
982
9522
7461
5071
879
14547
14400
931
10657
2088
7244
4171
5984
4050
15910
11988
12957
13755
9763
13764
10914
7745
1015
8607
1960
11005
9819
14148
10144
12221
15588
3118
12736
9185
622
5385
6575
15723
14410
973
1815
2246
13628
12731
7158
2862
5972
5527
10878
14486
13820
16253
4501
4580
5101
4699
13879
8675
10890
1327
10510
4459
15719
13983
1507
3264
10791
1033
8371
14759
5412
1700
12215
100
11495
14206
5970
10230
11719
13552
7113
4861
11521
1319
11252
16095
6507
13014
2255
12118
14922
14407
2309
8204
3959
7472
12333
13141
3386
5210
13032
3320
172
5208
8157
15265
1524
9161
3942
10505
4143
13627
1827
15368
13491
11224
6923
2074
6725
6700
7100
10654
3143
7323
8994
7887
5536
1276
10143
15047
13347
11157
7783
3670
12831
6287
15377
6848
5822
2412
9287
9103
8174
5924
13656
8590
499
3847
2542
14807
9242
13078
10965
11889
14910
5136
5641
1058
2971
8955
6661
10855
16028
8402
1971
2868
11271
5763
3921
14726
10773
5913
6788
13881
12574
8338
1588
15696
8398
413
339
13129
14448
11171
13023
16235
2513
14147
725
3998
12403
6285
8691
11139
15242
10078
14014
952
5750
15449
6038
10329
14393
13794
6063
9678
1748
4304
5534
9066
8331
2631
13749
7527
7424
5172
12602
16338
7595
6572
3782
5415
7401
1860
8953
4209
12584
1195
11814
1073
3445
13754
160
5789
6167
6911
12596
16107
2982
15354
5869
10752
16375
15113
12214
3848
12368
3509
8649
13200
11994
4355
1846
7510
9753
7150
11291
1246
13685
12677
11446
15313
955
7605
11516
3668
2242
11470
11622
7438
9838
11684
1668
2607
14830
1042
11964
15924
8838
10010
6934
8054
11881
8158
1989
15137
11357
12513
144
1888
14050
1665
14632
12447
6563
12241
11600
8443
13109
6935
5838
14045
2896
12998
4520
6710
4655
8650
9683
7870
12925
2582
10434
10935
12095
9111
716
14014
13940
10115
9905
3135
5434
5043
6180
12461
2140
6253
1503
9642
1101
2702
449
4009
10495
10985
5273
235
607
1580
13008
3609
3865
5914
1062
8615
14396
9580
3086
11722
14564
6424
7484
10632
10964
924
3202
8341
355
1112
8787
10356
16130
13204
9260
11831
4669
140
3818
613
10077
7505
12206
11374
15578
4234
2881
14780
7828
12003
1446
2227
10656
16072
5825
11353
9721
10595
457
1831
8755
4012
6089
11008
9963
5182
8100
14531
936
10454
11805
1518
3789
3397
15920
757
8116
13629
5597
14026
2156
367
3897
9561
16365
12527
7014
14194
4760
6721
241
13927
7227
13290
5397
5741
8947
5521
7611
5711
9652
2681
3703
13613
1250
4381
11713
6026
2335
10803
2299
4482
14263
4426
5992
5884
132
7587
12503
2815
13357
12856
3935
12734
12565
5457
8524
15982
14427
1035
7820
13598
11000
11232
4633
5274
619
3909
7062
3458
10865
5011
2166
16175
15698
9124
12157
7000
13818
5759
10370
5548
4079
9219
6191
12659
8949
3965
2189
5545
15859
15201
6543
5764
10928
2204
11868
13606
6946
2836
11532
13251
2926
15586
9971
15034
13409
12281
351
9495
13664
5554
13328
12015
1852
13387
16297
9057
14692
8508
5896
13142
10137
9603
4260
16358
6014
11785
3942
7985
3127
4511
1098
8219
9501
12417
13315
12002
9704
9405
1985
7023
3886
6721
8218
6809
8777
21
267
2287
14895
6064
587
2587
2548
11487
13675
12550
12916
16187
12805
5809
2844
459
3874
14295
224
7781
2189
8637
13488
12089
10385
12045
3167
15260
5416
13733
11017
11897
13955
4676
13982
6306
8387
12335
13935
482
208
16262
6741
45
5062
6311
13457
3999
4145
1430
15299
12820
12665
376
12632
9904
4524
9272
6110
5214
16098
11331
14429
11669
11125
5823
3306
11296
3979
6325
3962
5053
7386
14253
5914
2081
6476
12745
15348
8920
575
15460
3606
14301
6296
12885
14014
15039
14282
12860
13349
9313
14734
6442
2431
6840
6389
2732
15853
9560
9842
7770
13570
7269
192
8819
438
15191
2796
3698
15047
12474
13791
2060
14142
12625
3017
15845
11919
1284
6067
6157
7459
2560
9669
11815
4529
13792
11405
4670
14108
2738
6724
16184
10544
8150
7991
4290
10270
11244
1924
9169
132
12580
2387
2740
11722
14597
612
910
7725
7676
6573
1581
13921
12969
623
1510
5158
97
14653
4545
12471
7465
11601
10734
3429
16023
1794
3072
3465
526
3474
4695
676
3810
6822
10158
13257
5506
229
2629
7112
5416
14125
15830
9574
8867
11513
16136
12337
9953
12983
6931
64
7911
3639
15365
6005
15228
5571
3028
9975
2913
14990
8551
3311
13116
5139
15250
12126
7050
15056
5004
3001
11373
711
1375
14428
13335
10188
108
15793
5764
4837
6235
16174
14624
1258
4489
7976
5286
7436
4396
13300
4520
8324
13376
4613
3279
12962
8595
10130
16265
4827
4017
1570
14010
12894
4575
14579
11618
1802
1728
6588
7522
2471
5119
9699
8491
3582
1516
9199
4040
6577
1669
5023
6327
4585
6193
15407
12698
9994
9750
1387
13910
6487
4944
1222
14825
2969
1562
2952
3733
9091
6990
909
13878
5841
15832
15073
7389
1068
1569
10985
6572
7507
1393
13803
9109
950
3076
7781
15444
12496
1672
14658
1325
10458
11789
14635
13280
4748
9890
14983
13898
13294
5132
10674
8023
11890
3500
13881
1572
14368
5116
5399
6382
2616
8541
2343
8428
9663
8367
9635
1278
5033
7798
9299
8420
293
661
10994
8950
6831
9024
3602
15781
11364
15594
1907
7395
1869
8933
14664
11745
5754
6866
3553
5125
341
6039
959
7858
4430
4927
10862
5297
1818
8672
9878
15469
77
16345
15989
12690
6666
5531
4067
11176
1044
2656
12935
1591
13216
386
15015
15876
15389
13652
12748
2693
8867
1175
10821
9491
11767
10
677
13495
87
1238
12496
9868
6692
7059
931
9491
7850
5402
7026
8117
320
13628
14584
16028
9247
3155
1628
15074
6326
1201
3449
8606
16301
16001
12720
6299
11446
3868
13194
14555
13926
12358
15082
5841
11745
11774
11551
12268
1613
19
6745
4956
11122
8116
12115
14657
13626
7279
12887
982
16257
14578
5346
993
8288
13555
7655
931
14660
14820
9233
9464
127
9241
16003
2517
6667
3802
3993
1804
6229
6697
3320
4967
1016
9134
3865
10344
9879
5606
10014
13078
1622
10905
13013
5185
14880
13825
15485
9975
432
2600
12143
3539
11946
9864
5577
3252
11932
5028
2412
6781
8696
8183
16219
4132
9369
10838
1377
14296
7386
6589
7368
15570
4848
9602
4273
5209
14610
14469
7103
12743
13367
12843
14303
5413
15523
8369
7815
6086
7537
3866
12924
4425
13488
12278
2655
9451
9358
11494
4561
12947
3487
13602
11309
11657
13941
1278
13925
7658
15281
2976
7665
203
4959
7714
6581
8436
16119
2159
383
6298
2283
12794
13392
10394
9965
10403
274
14064
9151
16058
5566
13256
13757
11746
5212
10153
14140
306
8872
4000
8349
2949
2263
1200
76
7905
7850
11811
10857
14190
15869
2867
4316
11514
10863
5662
14084
7140
10844
2887
7221
153
13220
769
14792
3104
5202
102
10460
3513
15225
3347
1708
15225
12663
12230
7004
3529
4452
7747
5517
3974
6570
637
15792
13326
11006
3497
12384
14258
9955
13361
6614
7496
7882
15260
4303
332
14570
7128
12911
10621
14041
12813
7994
9505
9246
2789
6908
2551
4422
8361
5294
3149
5280
15
10704
737
6044
2585
13042
1021
9007
13737
14430
12118
15156
8057
6496
3161
16149
10319
8987
16348
7115
6408
12987
7425
10406
4504
14533
11952
1663
5822
4074
8688
451
15135
2387
663
5756
14710
15587
5586
13835
297
1942
12333
11722
13551
14530
15156
10829
6390
13534
15103
15245
5362
14215
3144
761
13710
5326
8979
5711
5010
13205
2378
9041
14015
12255
12490
5062
11350
5762
6083
2864
10426
13774
4189
15562
4091
9340
10617
12105
16294
7570
10112
790
15922
6897
8151
4053
10555
12107
8967
14235
5806
6872
6455
11192
1879
13526
10185
11056
10368
119
1935
14885
10554
8338
6446
8307
9911
13844
7277
4850
9733
3641
2370
1233
13031
7314
15490
7635
4555
6242
8551
1974
8744
5268
3376
683
10082
5563
10261
6620
16076
1075
2306
10595
11242
11176
14186
9198
4361
10508
7216
7579
1504
132
405
6814
10861
7134
6299
8873
71
13894
9074
16237
3060
8832
6427
11893
15205
14046
802
6258
1098
1694
11813
7615
7991
15939
3954
13951
5017
9000
10806
622
195
12955
9872
7
15389
14320
6838
11438
4609
394
13692
10324
10871
4745
10855
400
9514
8770
1875
15746
3742
15627
5277
5638
1732
1665
14982
3312
5630
9962
13565
6950
14038
12583
11186
1222
14674
8606
7605
12451
6208
6080
6360
12885
15452
4727
13921
11382
1597
9415
3387
2074
5034
9320
14419
4841
8885
8989
3416
13115
9272
4179
10502
6149
7414
3993
15297
14199
15019
16328
14852
5041
10024
1103
2823
2426
11168
7623
13768
5050
4516
10643
1562
12968
3178
6826
7006
11039
3642
4974
2008
11900
7002
15335
16133
1027
12819
11955
9190
10398
140
1513
13355
4531
11238
8073
1581
3063
3051
9682
11686
2647
3292
13239
11163
11794
15130
14981
8998
3015
13656
3482
3650
3864
8581
14313
10079
15684
13251
12626
12303
9692
1761
7397
12429
8121
10781
9226
6837
125
13345
5159
9574
4171
8208
5659
12499
9495
13466
6486
2763
1296
502
6932
2930
4907
2322
8160
13020
466
12837
16243
6280
3442
11300
15903
3185
10954
137
6726
585
11458
4914
1841
10796
13669
5525
2469
5248
10213
3339
1879
2764
796
8230
6991
7274
14647
16141
594
6303
12425
8950
14208
8416
6649
2968
8389
15432
4842
5363
14959
3068
11342
8239
10517
16231
94
10409
420
13449
8190
1973
12813
5615
4901
14766
3259
9510
8974
9441
12491
14683
7763
5101
11732
2052
1630
10964
6496
3893
610
1875
9344
438
10118
1434
211
7341
14892
867
7796
696
11342
10796
2299
2916
5344
2262
15353
11948
10496
13646
6679
16333
8087
7255
6792
10653
10787
6783
2985
14289
318
3137
3744
9963
2815
10236
7590
6348
15766
3067
7786
15037
1417
4781
1171
15918
14371
8814
14680
11859
15684
5273
3783
15980
9714
11758
5495
12464
11735
10838
3733
14898
9495
3739
2483
12414
7939
10165
15525
8743
11017
8503
11514
14697
2761
12740
12130
12747
9931
5918
13452
5724
16298
11265
4081
10857
4646
9465
138
15228
14294
4205
8872
7989
15636
14451
15418
5627
8031
15887
2211
9285
8364
9776
12323
5424
5739
1839
4486
11287
15067
3052
7844
4021
8580
12400
2093
5083
6740
14240
62
4247
12611
9138
6788
3327
6705
823
13155
7164
13173
5520
5200
15024
5815
15687
13333
6117
15142
510
7770
15474
8423
10759
12869
15634
14802
13422
3804
15167
9327
9355
8814
1361
835
2481
5563
9417
5058
12059
10856
14302
9857
15759
11930
4354
4
4705
5400
14777
2415
9206
1130
6188
1716
1494
549
10036
10674
9555
5536
9255
13550
186
4957
13645
11393
14226
11741
1505
10296
454
10276
11437
42
6402
12620
4163
3813
5218
1976
15738
15634
2102
16289
11303
13857
7483
11708
12923
12552
5051
8229
1333
4547
1188
251
11106
3808
9826
13773
5620
6692
11324
4848
337
7502
10390
10735
14718
15928
15847
7981
3601
13069
11543
3515
957
15429
3363
7237
15798
4973
10037
9756
13649
14734
14474
3182
7100
5504
6799
11084
11926
10623
14344
6835
12287
10510
4092
15597
3476
16062
3390
12800
15681
1966
8526
9461
9450
15576
7761
7663
2604
11613
7483
16252
13852
3860
8217
10717
3892
4855
7856
15055
4100
2347
7075
6470
12008
5657
13952
8940
8791
10411
2983
15607
933
15601
13394
3324
431
4569
2405
4956
3312
6559
13150
15109
15276
6384
1342
3705
8182
14284
4482
13706
14636
12473
5670
2304
12834
14395
8920
8310
1243
4479
967
9277
8687
2330
2555
14883
7867
5998
4646
15189
2412
1782
7359
16128
4478
13706
583
3264
10074
312
10032
6597
1271
10863
12847
12697
1760
7721
12858
6097
2324
9751
1896
13001
869
11668
12645
2762
3919
1034
6675
1732
5426
7692
8893
5180
15535
9035
11065
16140
15621
29
15826
3434
11467
15753
4106
11070
10199
2956
2730
5414
9894
10501
9328
14344
418
13834
7958
1816
9833
11476
2597
4846
9481
6045
4327
15188
15216
15632
13929
8279
10054
6215
9522
10966
4179
5311
5922
6119
10994
13135
10387
13537
766
13600
10525
9155
10643
16326
10842
741
15653
5705
13280
10728
827
8933
3124
11305
449
2786
1117
13126
7352
6120
14793
16363
8840
268
11943
13046
10303
4650
10128
1101
2218
9309
6018
78
8630
10575
11755
496
11878
12576
2457
10579
3877
15436
13679
8106
4961
1766
9953
6001
14108
1872
13067
8030
7154
14510
7543
5897
14878
2417
9867
15480
11244
15072
10298
10982
4503
2625
11220
15945
10174
9074
3589
12113
9734
5204
14062
975
6924
13973
1891
11498
14201
4335
1247
9288
4660
12911
12622
6678
13999
6686
9986
14165
15507
13908
15469
10852
10897
4974
5260
12552
12179
15897
6912
11716
5386
9922
7555
14809
7915
14382
3214
9735
15229
8592
13417
2041
5327
15654
3371
8131
639
8221
1957
16150
9489
8571
7937
1056
12746
14136
4452
15672
131
15963
8088
956
13468
8719
7339
16089
12877
9326
7973
10090
1046
8403
11
10758
12076
13182
16126
511
7290
11741
14881
6102
14034
3078
13594
12055
11124
14893
12829
7435
6671
15304
13656
15675
3316
16145
7690
7783
1184
9345
11803
5708
11608
8684
15011
10907
12254
11256
15505
12248
791
10264
5174
9072
9170
1706
15826
1373
1866
3046
7638
12618
9857
8804
11475
6436
9188
10472
15377
4012
11684
7223
4592
13568
14230
11423
14869
14088
5420
1330
10162
8856
4807
480
7177
16295
1393
882
310
5049
11853
2082
10022
4868
5646
6409
12655
13691
5095
5420
2042
7324
5857
2170
12106
11712
448
15997
14598
10392
16085
11882
14751
2328
15779
14573
12213
16001
4238
14930
3709
10137
4550
33
9091
1921
3905
13321
9324
470
3184
11354
15097
13176
8801
12802
14547
11187
5382
9310
3045
5531
1304
3139
13745
2397
15453
12842
10271
6379
5852
12803
10631
15154
7043
11332
9699
13934
5280
5143
3892
6173
7034
8829
12969
657
11940
5192
12365
8762
8627
3105
2344
13498
5372
6600
834
14445
6250
5760
5896
15258
13686
3342
1937
8175
8020
9702
15519
596
16275
4460
3297
7038
8274
8221
6342
15941
6103
6334
1777
8817
3404
11942
1234
12936
12756
9652
3807
10348
12149
4065
97
3621
4280
15143
15159
1810
11722
2427
4756
9027
12424
4900
2824
15782
1963
7020
5656
12611
5708
1600
15627
7935
12783
12811
16181
6478
15364
3060
4780
11503
4107
1690
11995
5232
15703
11968
12202
2214
10297
8428
5001
9157
5215
13036
456
2618
12521
435
12462
14086
6702
1225
8400
15896
12020
9258
9972
11043
7437
2923
9743
13722
3977
16089
954
2627
14002
14044
4906
2207
13809
13874
13261
8206
7945
3296
781
6288
7342
4345
13639
157
1144
5481
3195
6604
10948
11604
3652
3636
14543
6135
13473
7923
14670
13949
8680
6449
621
7461
4292
6726
15041
11827
15133
10091
7029
7090
289
936
1198
505
3086
934
7469
7801
936
3721
9729
6988
13169
11100
1040
2231
15439
6528
14116
8995
5194
2226
8521
10303
14665
484
11954
3042
12996
8182
12468
271
11379
2146
15545
8772
6276
13199
9933
11278
4076
14314
16350
9353
15520
7919
8260
655
13004
1818
4853
12400
3918
2188
11572
8798
15243
13477
14088
15253
5890
3204
15454
6720
2211
10743
15628
16055
1208
9497
12046
1202
15539
15289
3008
938
1745
7118
7316
16106
12857
11914
12723
7841
11712
13676
1190
1052
3029
14021
8322
1704
11174
5334
8765
277
6349
15542
13787
15905
6073
15384
15567
12881
4696
828
6171
2876
10271
8375
15392
3777
3341
9569
10124
8531
2267
14282
9011
9097
6824
14327
6865
3924
5115
12296
12588
6403
785
14070
3111
3122
14149
880
15183
8052
12416
701
1682
4526
1353
8146
8588
14815
10565
4108
1364
7828
2976
7432
1894
1922
15028
3596
5473
13519
3554
4421
15687
2187
2912
10324
8134
13479
13504
3930
680
10420
10165
12113
5461
5525
6766
14470
16321
6759
712
6194
16183
11820
8546
2774
1490
16199
5651
11742
7504
16298
12344
14005
3912
16097
1412
14117
15029
3767
1379
2530
7550
620
12863
735
14785
14881
5905
9097
12280
5268
13591
14666
3237
14636
8092
11469
10605
7758
4804
633
7341
13927
3194
15021
2358
9675
7791
1080
2467
6336
1456
2472
11263
4784
11330
11887
11321
15328
11616
12588
3325
2754
11318
884
8580
6585
2820
15443
294
15445
1636
637
6907
14940
5028
1825
8260
8139
7359
5316
15813
9265
10277
4834
1038
8064
11027
6826
1358
15799
13487
14833
13238
11696
7378
13457
8345
6936
6108
699
15031
6589
6441
9169
7916
3277
7765
2900
3069
12928
14479
8874
14302
12729
12078
8855
11972
12608
5082
5802
3090
3615
16194
8538
2283
2312
9140
1947
10042
14845
1415
13735
10946
2071
14368
3459
4447
7240
14388
5064
2729
15691
10878
13029
7317
7603
4694
9258
8993
2407
4452
5373
5569
1187
841
2806
9292
11294
11364
6720
4671
1301
13654
3493
8740
14077
13984
10228
417
14914
3726
9329
6898
7223
4599
4680
12795
15570
11964
12558
7683
3446
2372
5871
5785
6041
14119
8629
185
3831
16150
2231
7211
15828
7329
14097
12426
1319
16141
11071
10985
6388
8764
13601
2763
5911
4803
6263
9825
2318
8901
15056
14174
1582
12329
9751
1018
2595
244
4475
4546
5009
5591
8155
13468
6529
12821
15672
13387
13757
13003
3044
6938
12663
7363
12348
15256
15601
2509
4380
8289
16079
13580
16211
5297
4868
7551
15383
10183
4713
6460
4840
7799
865
6387
1411
12543
641
13898
4019
6012
10731
6526
9645
6844
12832
10425
5031
15252
2973
14638
11103
14386
2652
9879
10066
6334
12755
15936
14508
1280
6165
263
10610
359
10526
8867
14106
13941
14823
14226
527
6729
16056
16258
1243
13888
5405
11622
5115
5237
943
2937
4004
14894
9605
4171
12064
12414
15060
1814
1524
11685
11025
11029
13230
11755
9919
10743
15992
15625
14653
12557
9638
2696
12060
9126
11658
2171
16211
3494
8688
12119
2199
3652
15229
4780
1427
11160
14761
7514
12495
1461
2803
10706
4737
14438
11751
6826
10183
13566
15611
3102
13459
9470
7620
2195
6735
5158
348
9832
1912
2573
12819
11742
11526
1011
1001
773
14703
9845
11697
7330
1426
12657
3170
4124
5125
10236
1768
12640
4032
12851
11485
4119
7369
4695
3590
14683
3680
6886
9056
3104
1392
9801
9909
6303
2966
11459
7622
16357
6163
8841
15702
3137
12964
6940
7091
12084
4910
6616
10002
9189
1291
6439
14544
10574
543
9619
764
1475
14093
6380
14908
11041
2540
12738
15386
711
2987
10004
3214
6364
7991
16292
14289
11443
1597
7200
13402
10434
10561
1349
2474
1650
14298
12909
2515
5182
14077
1220
13576
1840
4306
12574
12439
14790
7746
4995
5867
768
12952
1779
5966
2348
8762
4463
1397
8257
1141
9432
10071
7556
5424
594
2152
3885
1402
9919
11086
2800
4867
5862
1405
360
65
8756
5051
9223
11406
14675
5350
8600
8454
1254
9180
4563
10575
8288
11759
1903
15547
2606
13566
2733
9173
1691
14667
6885
6102
13680
9577
16301
13910
9844
5636
2465
11670
12285
12423
15739
12299
2594
16333
7143
7317
9205
6231
15583
8429
5609
2250
6844
13196
12913
13565
14469
12406
13640
16039
5925
8510
12816
11682
4331
11561
16183
6712
15066
1162
15313
3725
5265
3508
15265
666
7414
1474
12020
8918
10746
14713
13295
14379
8591
100
370
11434
6724
7543
8785
10614
12655
5223
10587
3498
5756
5004
10073
905
6005
14440
11344
10629
1811
13594
11055
236
2919
6669
11537
1896
1081
5936
14200
3540
9845
16372
9184
13189
16180
9566
10495
3561
11212
14514
3425
8314
10236
6519
5052
10077
14342
11365
1118
2285
14304
10630
6641
12474
3224
8795
11674
5191
298
12889
1699
14949
2197
14997
6622
1541
13581
9231
13745
10809
13964
15027
2291
1454
15486
1818
14215
16236
10098
8237
2390
5623
1521
4947
11327
5699
7436
11676
2827
7253
2339
1966
2517
9947
2661
7936
8418
9889
15251
14404
8924
16310
12110
6383
6728
11034
894
8548
3833
9319
3135
192
6285
4013
9362
14732
3133
572
7700
14255
1364
6098
10449
14601
4143
6225
15776
12606
7373
11539
10618
7501
2382
15896
9545
3304
5360
3241
5901
3797
1409
8917
16173
15744
3080
15710
13536
966
4036
12867
14509
7303
4972
2901
11268
15953
7998
15873
11394
3553
8263
9191
8829
7438
9139
8463
721
4187
10999
2668
10047
7302
5898
2610
12046
393
3703
16197
142
9279
385
13201
13745
14222
3088
5381
448
1701
3568
2435
8247
8564
13399
5183
16065
14902
9555
8214
15388
7881
7506
13564
16093
888
3216
5716
12762
12613
15984
7534
13788
2618
11609
10213
11062
3916
1496
15
2445
10699
2758
12623
9367
13363
16193
8158
882
12994
9241
4225
9034
4921
13194
12300
335
3616
13300
4870
8965
3135
235
13540
1241
15514
4109
3260
7991
11595
3707
15970
10752
2523
11588
15744
10523
10751
10909
2416
3235
15027
13777
6606
428
575
6825
2885
461
15924
13068
6638
12056
4921
8953
8982
15843
15553
2584
9402
16253
567
6492
10408
4239
1323
12967
16076
7955
5776
10421
2833
2156
3856
8369
7222
5705
12349
2911
12636
5069
4791
5623
2728
11400
4736
10945
3967
4449
4522
13783
9056
3774
13897
1365
9337
15005
6269
1493
4048
13595
1517
14621
6935
9029
289
16147
10621
6566
1002
5999
3437
13490
3652
14511
7469
8648
12417
14265
13204
4296
6981
229
15098
9999
1513
6590
4314
10185
4458
12945
134
4052
6429
3212
16156
1450
6634
13951
12290
9930
5399
15964
1682
11963
7581
11228
11884
6309
8347
4645
227
4306
3609
10438
11472
12670
2705
6844
6383
5499
12560
9196
3084
8155
5918
10237
3394
759
13798
8682
14354
10633
14256
10575
12732
5423
15990
13542
10032
7895
6712
2504
1414
3330
14105
15041
15253
13058
4081
5322
3323
9141
7933
3577
14499
13564
4634
9984
15295
6532
14601
3895
4981
12806
8965
11846
6602
14796
1668
2375
7489
5086
13341
1002
11970
11361
10183
14087
8219
3742
5465
16258
8595
800
3164
8895
495
11949
216
15711
7846
9226
15096
12287
8001
3452
5452
14971
15844
15227
10947
9503
3775
9234
1027
6283
2552
1914
10890
14102
8257
7366
6999
6057
13590
3164
10083
12906
11639
10688
11380
6127
13292
7225
2951
7565
14315
1090
4965
1040
9746
3637
9996
7429
6087
4349
8806
7901
9158
3998
8017
14170
10276
14344
7581
4216
15211
8330
16124
5825
10597
2909
4691
15537
7605
3743
12150
4133
16275
7446
9439
8953
11797
7226
9689
2841
594
9970
12958
2309
9588
14173
8300
9230
1422
7921
6443
15401
12275
13091
14006
2517
5514
2358
6740
2601
10968
8127
13675
10627
5786
1439
11328
12583
9854
8314
2134
14172
4184
16354
3891
12047
4253
15431
4008
2402
9643
2869
16042
3008
11719
7420
10990
2037
5787
3840
332
13819
3498
629
817
12963
9841
54
15234
4595
11275
6728
11948
6968
8236
13169
14959
10539
14611
12779
11181
1755
13555
7698
12570
1556
3628
6301
9533
7393
5043
8486
6064
10946
8457
16275
15158
11454
7847
14060
1247
199
5432
14915
8336
8285
2847
5201
13108
6440
7438
11795
3484
9719
352
509
12462
5660
11599
1996
291
15419
15889
7365
13460
9518
7069
11964
6723
5516
1083
5070
2002
1801
5663
10378
13834
15054
7778
6869
3602
813
15245
13894
12007
13325
16093
8577
4601
4218
13628
8796
8440
1338
798
13533
15577
12383
4457
137
11643
16078
13103
15985
6746
14663
14988
1064
8328
15923
3619
7368
12951
5559
2310
3716
6000
16244
3571
4970
8522
4162
3861
11833
4880
4511
2216
3272
7842
8570
9102
14818
151
6409
12883
7859
11906
7072
5719
15296
13350
3696
752
12932
7403
205
8776
2374
5096
6112
9409
7213
4696
2823
6797
8380
1842
12259
4964
4086
8459
12937
15957
158
9317
4489
14684
1222
13349
3438
3068
8066
4412
2930
8535
10568
923
15491
7592
14522
5222
12809
14884
9351
7201
15397
2977
2356
13372
10414
14258
9949
10269
7317
1400
6500
11648
9128
2351
5745
14062
7217
2421
3154
3626
6214
11207
8913
439
7851
6760
8516
4938
3722
4909
1390
8465
1868
3724
9400
3603
12164
13462
10546
3329
4349
3755
14021
2895
15695
13940
8605
6307
7611
6991
4156
359
7529
7855
555
9503
8152
11871
3389
9299
1032
4816
2350
872
12874
4614
15156
11217
7871
6402
11618
10868
12820
2658
14751
5955
5812
1639
13333
1956
12697
13830
10273
3017
9818
9950
1486
283
12179
4577
8686
3073
3215
11221
469
1497
5653
6069
9657
15917
7867
4943
5443
15742
11001
15069
696
15441
7523
15847
6292
4533
2494
5534
13987
789
14958
4648
12016
9521
14298
10730
5587
16172
13880
5384
5336
6261
10008
10989
7688
13868
6219
2815
14353
14951
1715
6508
13727
5806
4733
712
6404
13051
6765
4983
5207
7370
4325
6722
5660
6197
12244
4228
10260
10983
5900
8103
7162
12749
13496
7588
14180
15372
4716
9410
2462
13798
9869
2558
3274
11215
15416
12131
9736
330
4451
4714
6451
14639
53
10722
3339
14241
7636
15217
14667
9367
9252
4120
15217
5203
38
11178
8353
5742
6965
4272
7885
668
14252
15586
7921
6817
2729
14436
964
5023
13379
8479
16185
11933
2212
15396
11705
6952
10378
8466
9595
8786
3085
6356
3406
8196
2658
9254
3949
8648
7183
718
12104
8901
2031
7893
13747
9226
4031
1247
7136
1519
1600
12966
15979
13583
6680
13862
14010
7309
6022
15250
16210
7035
13418
6046
548
4171
14731
14665
13542
14347
14625
13772
13428
11821
6659
14153
5486
11170
10890
6301
5329
14626
5384
3409
501
4586
13607
6892
5330
9139
8943
2634
3241
12703
15064
13546
5867
1570
13672
5705
7011
10389
7174
6153
1451
3173
6340
5355
5732
4273
1467
12463
3679
12127
3308
4043
5789
9230
1901
14717
14797
5877
12922
12656
9278
401
6413
1431
44
15996
6961
7069
3461
8281
2494
719
4527
9015
2517
10353
12050
16236
2407
12860
9067
9356
13390
11375
12913
12318
8989
13639
8339
4025
11180
6137
3256
15557
3135
3802
10850
5347
10394
8557
9860
8784
9188
7126
5474
6492
8056
11676
4053
6768
8204
2963
4342
788
11848
15077
13751
3346
12755
2236
7806
13127
12110
9158
15586
10993
8130
3184
12197
12900
15904
8275
11200
12322
13596
261
12223
3436
2476
646
12229
7295
11984
10107
8806
5356
9370
16375
1308
4350
680
8759
8692
4057
9771
13323
7464
13284
15088
6416
8846
2221
6288
8271
3979
787
10438
7791
13067
8474
9861
3366
10965
4735
8453
4805
785
4309
14546
2984
7455
7714
4995
15128
15930
7667
15624
14839
10842
4519
4676
6422
3676
14709
8659
3585
15677
13618
3572
3737
4945
14498
12747
3868
4400
3506
9963
13337
5372
9189
7351
3473
16065
12342
13740
2342
9357
1527
12258
3995
6568
2774
7108
1916
3167
2591
14586
5663
3712
15042
1435
9463
4630
3710
5069
1977
2010
11828
1973
13836
11497
5959
12790
16247
5495
2548
11680
10800
10871
2552
1125
11544
7648
5438
9887
1284
3740
930
4485
10036
2523
3049
15363
684
1869
15201
12162
1093
6796
9661
9928
873
5017
12866
4358
1573
13906
8937
11808
10736
15717
13265
5031
7170
11757
187
13842
2474
16306
7846
2546
14734
2696
7836
3451
5516
10132
4707
4065
16010
7891
4755
7231
13769
11348
14462
5979
10368
6260
13693
3718
549
9088
10102
807
2314
11415
2643
16263
6229
6147
7152
6530
15746
12668
4299
13902
8542
10148
12665
5242
10650
2159
4816
174
5728
8366
9349
7371
15589
9915
3393
7257
13561
10689
14731
3328
5096
4479
14224
11258
5321
2073
10500
13642
4060
16311
8908
11762
13143
7435
9772
15701
3293
3828
12250
3108
4363
12690
16011
12344
11456
2735
13695
10268
8609
8007
10811
14185
15745
13152
6690
15519
7125
6221
12552
3191
5276
14805
8716
3452
8160
15393
1674
13832
3409
1185
544
10348
14759
3458
12146
15231
11873
4273
10240
11619
13114
15858
9285
7023
5202
5001
7096
12987
15811
7598
14825
15325
6123
13532
9208
8530
10902
4928
7773
19
1307
16009
11543
5779
923
3106
12301
11933
5403
1389
7198
13859
2542
8243
8279
6892
16152
2724
12828
6864
15117
9255
11714
6337
5463
11334
12583
1567
14471
9018
4252
7291
2377
11752
4982
1960
2988
12029
13479
4640
6038
11395
5645
6472
15953
9258
3234
9671
1462
13994
7057
6908
9033
11750
12413
13024
1355
341
206
12548
11445
13582
3363
5284
15839
2759
9139
2238
5133
1933
13507
8394
11371
12409
5739
13444
7940
7156
6314
11881
14434
2602
879
9369
13913
10240
8635
11710
4293
926
9319
778
3799
3297
15015
620
6173
12249
7360
8752
4782
8830
12070
2178
7419
11241
2568
356
2195
11080
1376
11642
5384
7363
12033
10531
10209
13404
10995
4398
2896
8924
924
2005
7256
6704
13545
14214
12039
1944
11015
2596
12753
6202
2584
12921
11915
11245
6648
9635
14232
12876
6515
5340
2807
7395
4765
12889
9457
10453
14815
12573
4925
10743
2171
16281
9112
1358
16171
9233
14897
10920
15779
2635
8915
8872
12265
12956
407
3027
15320
7864
13593
9643
6630
4583
15561
712
12039
15777
15355
9124
1816
3230
14364
9050
7128
5193
2412
14868
2788
7288
7875
3951
13285
14566
9027
6203
1973
15924
1902
2565
8803
10414
15660
13288
9954
16093
8327
9404
5896
15014
1791
5381
2303
1071
1906
1660
4613
6667
6369
4056
12984
7817
10949
11002
775
9479
5168
11314
10861
2522
11787
13885
11833
51
16338
6141
7376
9133
7705
3219
15692
3393
14334
7707
13026
1869
8115
3763
10164
15082
15672
11945
2471
13776
7845
8981
13360
5652
954
5152
13331
11934
8746
6382
16109
8172
7199
14633
6567
9703
3047
11885
10882
12951
10155
9501
8285
6453
10620
6975
12074
11722
1580
4542
7814
7984
9475
12721
6826
16009
2274
12982
4424
13936
1957
13306
1104
6407
13715
14346
1668
2043
10696
8367
15281
10620
1626
16054
3330
3315
5897
14491
3500
6295
5741
1842
5040
3009
6323
6524
8805
509
4507
10180
10504
12235
2057
15511
12290
9999
960
2293
1409
6062
14884
13641
2271
15896
3887
3246
14396
6318
2542
13065
10532
15805
7269
3320
11006
8937
14607
3009
5806
11872
792
9604
692
10402
6000
11911
10041
7930
15398
15242
9153
11228
6500
5163
5090
6342
7571
12753
5491
8240
16146
4706
9751
5334
13621
11028
9721
9141
11381
8075
304
2177
3170
11039
2134
12424
3994
6272
5329
6529
13913
3979
12239
4459
13201
14094
8068
12346
1249
15126
10354
5808
8420
7973
5581
11932
6649
11020
6736
1397
12568
14844
300
3024
2851
1137
1315
539
325
476
15255
14513
10843
14067
5164
1931
14408
9833
3808
16096
2647
7682
11786
6109
8148
4292
13498
1056
14148
3237
6793
14231
7172
2034
15097
15711
8890
12051
65
13233
7107
2441
10453
10425
10563
9550
5667
11055
11479
6071
11513
7041
8521
11348
12536
6187
12559
1333
6451
4409
3813
6103
4860
8384
1641
10466
16319
12839
9609
1187
5067
3901
2774
7734
10018
15363
12311
3148
6370
12740
15536
3311
15514
5412
2445
7399
11015
3163
4980
8637
12882
6712
998
11264
15106
15655
2335
11000
3446
10375
12424
2627
8216
12670
10953
12228
4458
644
13556
9626
1227
4913
10247
5449
12403
12851
12334
2521
4727
10309
15054
15617
14120
15575
12491
11361
14954
15407
9844
14453
1819
5386
6420
1383
15162
4202
12997
14833
9788
15435
3686
10744
13066
782
12484
3894
11125
13019
12896
1013
13217
5348
329
12884
9767
11379
10260
10703
9010
15683
563
5708
1336
615
3327
13786
15561
2261
13676
2119
15193
1883
5392
5519
15721
6432
9638
2980
10604
13997
8872
6997
14043
15777
16179
15941
13521
14709
16124
10670
8052
3057
2026
5123
7831
9413
1249
5375
1507
4958
6063
4942
12669
10420
8072
6536
4706
2322
11181
12921
12255
9607
12372
15691
12957
5340
10474
1135
3999
1038
637
10785
13220
15170
8052
3282
2369
62
10410
14944
9585
151
7659
5877
2157
4272
14456
6883
11643
2418
9667
2132
10027
15278
4395
1928
10723
12215
4892
7811
2613
14881
13963
906
13562
84
4035
6653
13245
670
1648
1391
14511
7285
12094
584
13123
14988
12034
7821
5072
2535
6818
13704
15329
6455
3415
12416
5847
6431
15677
5279
8136
123
16282
1846
5166
11321
12262
5751
13964
12395
15234
11404
10218
6388
12062
8278
3325
1856
8540
693
13554
6321
14592
11872
10333
13480
3485
9490
8623
15388
575
7891
9166
10053
5725
15197
7276
9485
1619
5056
15840
1313
12213
4432
8076
8196
3384
6757
3396
13201
8625
9573
4082
5984
6646
7319
1707
4312
3019
15217
9175
1362
3980
4086
748
2483
9665
5201
1668
15954
13936
8193
2978
9915
762
14863
9564
11446
11135
13152
7553
2401
5447
6232
15550
7889
8616
10779
2716
5651
1381
6982
5970
7127
571
2480
13340
14587
13111
2809
99
4236
7257
15723
12710
3186
3369
4257
10754
2978
14991
7300
11806
11332
11734
526
14767
12900
7726
3338
1064
11902
4251
15128
4703
4403
2702
6607
14880
4739
12590
12422
2244
12313
14059
10969
9260
14527
4115
1639
14029
8854
11325
845
11295
8530
7475
3109
7520
8827
1213
13554
2565
1465
13174
4852
12127
10416
13733
8397
5421
8537
7123
8042
16168
9038
13
7594
1178
9886
15317
15762
6074
8060
7284
14507
14052
12856
9000
16113
3268
15924
11533
14669
11402
3006
7498
9299
248
5607
15740
8614
1238
10975
23
10637
2056
14287
4917
3299
1148
2578
9574
6061
8626
11913
4172
4455
13885
2957
5529
10830
5495
13408
11013
10559
4294
6921
8805
14142
12925
4737
16158
6881
14903
1732
3305
9158
9547
5930
564
11659
189
1000
3945
2395
13590
6052
11106
8156
12466
13922
738
15290
3159
963
9890
7322
5086
8693
6658
11449
13450
11086
14112
2275
6759
8752
3773
11919
8952
15027
14396
73
13604
10420
9532
4968
7294
8978
15219
9946
528
3350
3708
8617
4181
6791
4638
9750
5805
12133
15991
1638
5620
9348
9308
12664
12576
3646
13637
7166
14383
7840
2859
4168
10259
15132
2120
262
10175
9568
14898
9696
4665
2920
10200
7199
4488
1280
7773
1748
4505
670
12197
876
10468
5456
12517
6313
13227
14758
889
4856
15447
5213
6929
845
11905
14674
3989
2907
9008
4750
9569
7811
11308
6601
15233
6786
15497
2975
3470
791
4281
15987
14253
12959
5184
6817
322
16068
13330
13751
2515
4012
4250
5165
8187
6941
10295
7645
6551
578
2865
14459
3369
13085
5459
13298
15999
1718
10749
8237
1051
14411
14377
8095
12764
6628
12622
303
2533
1965
9348
9862
2767
8518
7571
11778
1529
2071
5198
13209
4159
6741
7144
138
14518
16063
1298
2735
13303
7534
12916
14922
14287
5181
12460
5741
13276
4826
5532
1734
2791
11116
2826
15967
10673
1255
1351
14744
14184
11540
7657
7416
16207
50
7504
6293
265
1630
7313
250
3334
13253
1652
806
7482
3481
7302
9113
6440
15553
10526
4819
4604
4093
1389
9338
893
15834
10584
9678
13690
13446
308
11910
7397
4354
2930
8975
536
9023
16070
9287
747
2581
10966
12407
13154
15789
13464
6257
4279
9116
10392
1581
8878
11356
15720
9967
4671
2829
9591
1859
7934
5847
10398
15534
9294
6206
15093
3699
544
1705
10441
27
2911
3085
14676
11961
3492
15206
11711
6713
3313
15516
13376
544
9429
5335
11535
6116
14983
6598
7708
1581
1388
12803
8792
15544
8985
12984
6617
13296
12099
14035
10840
11485
1850
7687
1377
15014
15329
6026
1647
2256
13790
6086
2724
1717
14673
4247
4991
13827
9006
5529
890
2938
12328
4734
3599
6412
6244
14049
11393
7503
4953
9487
7849
14821
2898
6047
1339
2545
12515
6719
7310
10379
15767
9944
4044
2112
5374
6260
14795
42
14159
13728
10419
3361
11789
3404
8939
6330
1646
589
9974
4641
7700
15678
1399
4820
9117
2954
8004
9025
1802
8641
11157
12127
14069
14702
162
7210
498
7938
10278
5217
12945
9967
3914
6597
5431
2915
11723
14900
5734
3196
618
3111
9548
3704
7241
37
12429
15532
15249
1386
815
614
4838
5442
3715
3693
12948
7417
9970
477
11089
14857
6046
13390
1756
907
4361
9799
10174
8537
11902
7904
12031
13056
15264
11522
6147
8956
16057
8300
14785
15849
13777
2010
1135
1993
1452
6822
16249
9628
13612
1083
2630
14159
12524
2862
273
2615
7800
13804
1221
14512
6715
4643
459
16142
15691
11638
7859
3133
14515
3664
11027
3741
6782
14239
15235
8464
4146
9406
15797
1014
7216
12983
3112
4577
15287
15836
14802
9346
5778
12241
6860
9714
9474
12462
16154
9128
13119
6453
8602
3804
4915
15567
12473
708
5493
13513
7156
474
13269
5715
9374
681
9252
4195
11883
6880
7493
8957
5054
2235
10054
14177
231
12740
1774
7791
8438
8317
11385
15381
14204
11632
4973
11112
7786
4915
12181
9472
6520
12018
2636
8805
15651
10782
3653
11540
11077
9741
615
12867
2269
5278
6764
16271
1743
705
988
9695
14825
6723
11678
11085
5930
774
4028
6651
315
14800
12422
14012
1851
4562
1391
8442
16044
6354
7063
1265
12373
3140
2357
15970
3990
13420
2832
7608
9374
3001
7358
2636
5123
6817
5841
9641
4686
1844
2681
11613
10931
5201
14106
10436
12227
15488
5550
5
14400
4831
6625
2371
9622
6441
5396
11332
5088
10570
10491
11709
717
3379
13099
16218
11294
5974
8142
11506
12413
3431
1828
8496
8218
13873
12285
13037
5387
4278
4795
10639
9708
10440
5864
12929
9350
1051
11507
1928
9406
3802
10870
10086
14958
2609
16174
9678
10593
8362
2622
14497
2684
8061
14780
9977
3605
2543
2717
12313
14556
10815
1663
16153
4708
5505
6627
15265
16277
5224
974
5167
13803
20
3161
1277
11690
4147
14168
11664
12551
5907
10837
8651
1488
5011
12391
4725
8310
8579
3147
10611
3439
11423
14921
2631
9452
13244
822
9893
14803
4288
2923
15768
5587
15203
79
6960
6270
12918
2835
15608
13923
2080
9638
10323
4237
15639
5966
13106
7761
5664
8623
8944
11843
5104
9789
708
15221
10867
12907
10857
3800
6629
12639
694
14280
9726
10592
555
14774
6269
3883
15694
10018
4776
2109
12628
15709
6426
14016
15205
10832
5928
3686
2318
319
10505
8967
2408
12555
12466
4711
10675
10997
4256
9801
16260
12917
3713
1724
12283
13356
16330
15527
11413
5076
12846
4091
7889
8146
5609
2959
5118
1868
2154
6897
8142
8207
14558
15819
14497
12401
2208
11240
4994
13215
9967
3929
13246
4753
3787
11455
9256
2112
4332
8660
5263
13482
4497
3623
8358
2285
5590
6582
15874
282
3993
8410
4858
10681
12067
3668
10776
13067
4556
7737
3224
25
15488
522
9944
8663
11542
11324
1177
1433
10167
9624
1796
10883
1268
16205
7861
1009
3409
6452
8479
6566
12557
5408
1947
7299
13361
12166
4502
3071
4792
7725
592
8804
9819
10792
2353
567
7249
2053
2989
5409
11981
15616
16201
7209
2792
14676
7248
13161
7225
7472
10117
6724
7094
12507
3774
6152
11811
14862
3372
8094
6560
6996
1702
8300
472
14862
12939
15696
15295
6325
10142
15165
11869
13077
2311
4056
13527
4055
13553
11897
620
5463
1784
10566
1115
6185
6513
10138
1341
8531
2717
9987
5255
11130
5511
15727
13011
1316
7622
10268
13771
16053
11036
12881
11818
8935
3136
8453
5808
3774
4640
15976
3999
2431
5933
975
12308
8019
3582
13530
2959
4772
8700
8186
129
7256
9059
13232
11547
9382
463
15085
7719
649
12076
15733
2759
995
7829
12894
7633
11027
15011
7279
11883
12167
5465
15339
3588
3639
7791
663
10194
13996
1435
2343
4159
2962
5366
15968
10536
1692
10203
15771
12068
852
1610
4982
7710
10334
14801
15380
12078
2593
6899
4033
10913
15221
13583
6878
83
497
72
4077
9107
13602
10029
2663
10710
9452
91
5066
9227
1828
7902
10237
1616
5029
8388
529
6964
3690
14250
5721
11456
16069
9953
3038
4830
2522
7761
1981
13415
3267
9607
921
15500
6838
12846
10612
7118
9927
5977
12227
2721
13289
11326
5787
75
9339
601
10608
15653
8932
13001
8234
558
7438
13451
12058
5469
1135
14568
4674
10853
13373
5860
16289
6478
326
15239
10958
10598
3283
6896
3667
12294
6636
6606
13220
5096
7825
10519
12264
10605
5829
11540
8784
6328
1039
12426
363
14345
8442
9467
476
3042
11686
3918
15654
288
6731
1658
16090
3624
268
14378
13985
12106
15741
256
13345
3203
2532
1405
3568
9576
9908
6960
3751
4702
15868
2907
4983
3023
6762
232
2315
12774
14501
14504
4231
14115
15244
16066
6986
6312
13044
11816
13861
6236
7299
13151
2410
922
9085
9173
4709
16148
13523
13641
15266
11345
5759
21
7646
15153
1081
7252
15598
14881
14376
10700
13755
6323
3596
2045
8387
15515
13574
7537
11276
2117
6902
8260
9948
14767
379
9941
16129
2323
5332
11545
15373
10390
1877
5204
203
5146
6159
14472
12571
2920
10637
1476
1264
7946
16191
596
11450
15381
115
8320
1261
3221
14754
6092
15307
11865
9558
13181
7450
2544
10822
10543
13076
7928
6944
12647
954
11502
7581
13828
6067
10607
6668
7245
12131
9251
5237
9309
14243
2077
16153
3475
1713
12826
14121
2832
441
6055
7280
11830
10908
16031
14632
9589
1160
5419
9863
14013
13707
1245
3267
3927
1460
14275
14943
11154
9344
2781
141
2629
8013
14453
15291
441
3262
7884
15168
10649
16072
6324
3796
10542
16203
4161
2229
6388
353
15934
14217
9624
3271
16247
2544
308
15251
3078
12456
9007
16189
10843
7142
6711
15754
15008
6266
5410
5225
5895
11317
15387
7280
6022
7237
9212
2616
7463
14460
224
12420
320
6935
1530
10295
7039
7357
16329
4616
12135
2204
2155
7098
7338
7824
7679
11028
6194
11149
6314
14748
3575
3752
7269
12916
4645
10119
15479
1923
13585
10153
12505
5065
10028
6381
9423
4005
1272
212
6488
11053
12127
8685
7094
13590
4257
15545
12787
3760
13402
8765
15532
967
8527
3987
10911
9748
4856
12256
12506
3671
10420
3739
2164
2363
4115
1452
2914
5360
8833
12557
9738
1992
7594
15597
8047
11155
16132
1378
10521
6291
8360
2583
270
8973
8250
6278
8121
15751
9311
6379
4899
5922
3197
10927
11778
10402
3979
2862
4104
13656
15837
3280
9479
8425
8066
1405
8151
4847
8935
9037
1679
2568
10525
8298
3727
15787
15756
3623
7465
1959
9101
151
3500
6681
3729
7256
11926
15685
4177
1827
8207
6920
10191
14260
9931
9654
11289
15408
7259
10497
5457
8238
11309
10577
14193
2044
6487
11692
3383
6391
6618
14318
4771
886
6416
9710
15
5992
9033
15339
7996
8167
8940
7905
14116
4960
9409
15751
6741
7607
12811
5270
11292
2588
7793
464
11682
1286
11461
3790
11517
6220
3175
5796
2569
3908
836
3789
12694
1445
15303
5415
15714
12189
5802
10892
782
13229
9748
11828
7625
10378
10074
3212
15387
6974
15779
4198
6075
8041
124
15542
14431
8090
12947
9561
10507
9131
10234
5534
773
15256
3596
982
6532
9604
1434
6850
14510
11526
4553
1710
4846
8395
14622
1840
7801
964
5178
15389
5342
2857
14004
8533
10198
7657
5627
6036
9648
8531
14908
10108
1662
8094
2933
14310
4283
15761
13630
475
11245
7429
3603
11731
15011
12917
2253
4571
6496
13836
6790
15114
6034
14116
9160
13211
15168
3999
11791
16332
7131
1828
16204
5492
5799
9015
15102
15708
5726
11849
11900
10904
907
3417
3309
13695
1249
4547
3071
12493
3029
5404
3986
881
7499
8715
16130
1632
3988
6779
16200
4251
15260
15827
6852
9343
49
11930
6347
16276
9008
11480
16136
15153
8308
4323
9708
4582
2745
14806
7461
10056
15585
9552
1870
10539
15668
5531
7341
1936
16341
13273
6047
4657
14035
4520
3057
5570
7828
7809
15091
2252
3016
10090
5141
6309
8272
15126
7515
5410
6032
10653
3473
2035
11760
8005
3575
1864
11837
10260
4448
3994
12613
12589
2115
11274
3590
14983
15476
1800
3096
13373
7040
7649
7742
5570
3653
10813
6999
4508
14475
3854
8596
16131
6317
11629
4213
1298
183
5622
9312
9203
7825
8474
10968
8907
15504
8931
7294
4664
34
2945
1299
6148
10168
5723
10005
21
11986
7523
15714
6192
16238
12630
4477
4177
6268
15155
16073
6580
15250
3237
9522
13804
2142
14537
6114
6369
3653
10989
925
6385
9757
7355
7788
3460
13477
4267
15714
7201
15876
2472
6721
5829
2927
6094
14723
9180
7001
1717
6227
6844
15498
12396
13223
286
13473
3492
5647
12986
14073
11842
5504
10270
15160
992
12129
15026
14555
8884
13885
8327
2777
5395
7497
14815
898
5380
7066
9704
15095
2232
8423
7238
7173
11945
13088
14734
13112
8542
11925
6210
16087
10140
7890
13160
7572
6965
3718
8411
11131
9870
8037
11871
9206
14509
13353
11581
9601
8983
7916
15575
5275
14061
873
10020
14963
9198
8631
9441
3997
266
6818
15806
2188
12613
12267
14337
380
2002
519
10227
10367
905
8495
12567
10712
1357
5374
4273
15551
6347
5269
7050
672
9684
6064
14674
823
12061
2502
8531
2984
5638
13073
4566
6790
10317
1321
14887
1928
2979
814
7208
14908
4980
10156
5255
6717
2213
16287
10052
9694
733
11163
12816
14128
4819
2985
2211
9420
12498
2739
4846
9131
10027
11105
13774
1381
1026
11914
12529
1015
4000
13602
15791
10284
1057
13083
12619
13527
12944
6714
8344
16362
405
13356
7307
6216
13972
4022
10164
7722
5892
6395
5893
15286
10807
14303
8204
1970
416
5767
87
5967
1613
12012
731
10993
5414
12170
3931
6459
6810
2333
7301
10923
2720
4629
12378
15600
16291
9814
11550
369
5358
5501
7661
5673
1402
16158
2261
3801
1096
2097
8569
14398
1653
14520
11364
9631
4585
13257
7908
15881
1490
8652
2301
12859
12065
15997
1921
11200
5452
14083
15586
3017
10028
7169
2801
13189
8644
13994
334
13659
2354
5254
6440
3765
15912
7256
3073
1086
10203
1934
1888
8548
3282
6486
14891
2016
1540
14563
10831
15004
688
1113
5148
12941
1065
10503
14991
15222
11406
2808
5310
7753
4134
14097
7343
73
7669
10503
7475
8086
14597
4324
11504
4761
528
3554
7376
10275
6807
1875
14157
12209
10794
9586
14070
1459
6332
14031
3824
3879
10858
12952
5132
3573
6188
6594
1243
3534
7273
2667
4181
1587
2759
2259
3058
13583
14437
2951
8939
3616
16218
9702
10590
949
8424
8847
8404
1901
12559
12709
8863
9418
14767
3243
11141
8175
4227
6151
12099
8764
12744
4822
10223
2728
12510
5964
2778
7289
2526
11356
2707
5157
9496
1401
7217
9573
4806
5365
5829
6420
11717
9064
385
3180
9571
10897
8916
14902
7635
8490
11731
12998
11278
6347
2120
14108
5291
13907
8782
8770
16071
13257
7963
8577
5686
14760
11999
7747
3693
10775
15418
7501
9564
13915
2063
15872
10345
9441
10058
7601
5030
6632
9360
4158
15145
1985
6450
1549
14516
15463
15225
5178
13559
1308
5233
1440
13901
13832
9436
14488
6576
10734
2539
12143
4563
12072
2255
4271
240
7061
90
13286
535
7503
13733
2480
5493
1057
6684
84
6250
11826
9384
7302
10078
5468
7357
8288
9722
15014
9501
1708
11812
8357
1811
4137
10894
15920
6154
15208
13339
386
3676
14830
14284
15573
7082
66
5242
653
2149
8306
1069
14191
15392
720
13775
14423
6215
14244
10997
4025
14206
11083
15873
2935
9434
10093
2684
2066
7624
16044
8689
4872
13197
10415
6182
8118
4651
3157
10728
12899
14315
6927
6546
11029
12600
9907
3342
10490
16273
6705
15463
12454
8302
895
8510
10450
7173
15247
631
1400
3588
6043
2440
6148
1870
14928
9656
8586
11378
5085
3282
7033
15833
11464
14308
10947
15280
4972
3869
11489
10172
12221
4987
1587
15059
4499
2796
3001
11500
15794
14319
6690
10025
7240
7536
4357
13222
11502
8441
4134
14992
12806
16173
3881
3516
3375
4334
5481
10571
3270
7113
13097
292
5709
8242
4101
12346
2378
9938
4713
8612
2923
12233
812
5833
8514
2147
12219
7426
8857
6973
10415
7330
4112
2956
3209
10447
10006
13819
7478
8614
13641
6515
3715
12360
11462
637
7515
12087
7526
16203
8247
12915
1450
9607
15518
9362
2152
561
15021
13366
16003
7653
13305
9312
3949
6938
14329
16273
13842
283
9403
82
11689
7714
10887
8418
10949
10124
13574
20
11873
2916
15032
11395
7388
3753
15922
909
6384
5351
15400
4797
8058
1493
8739
9440
9503
986
1498
9615
10565
15018
864
9515
3447
6344
7238
13132
9655
11109
3238
6068
14959
1333
10784
15050
12888
10838
12132
10641
189
12867
7286
314
6046
13099
1388
4254
1625
12064
14490
14201
11106
6929
4356
6898
5387
6873
11805
9250
9007
7864
12067
2241
11961
10365
15588
12613
12031
15678
12980
3326
7914
14685
1867
2103
345
11566
3156
1481
1627
14416
4593
4977
12277
2254
6383
13349
14517
8715
1733
3613
6266
4340
12904
13074
14813
14725
3743
14945
12072
6588
10298
10422
14232
3219
15484
11047
4499
6792
6895
10442
1426
9180
5987
925
9703
12983
5113
15894
9515
622
2988
9786
14200
16026
7261
4433
16302
13365
12851
1710
9155
5184
1898
9811
12540
6069
11248
11686
1835
11704
9096
11530
4597
3707
2569
15092
12103
9852
2550
10823
7479
4273
7806
4630
10419
978
5923
1257
3632
883
7980
7888
2239
1008
12321
3745
14771
9845
15569
762
6057
9671
7797
11259
6310
13482
12683
1106
15954
882
14942
3581
4264
11441
5632
14479
4787
13123
5260
40
13273
8387
608
14255
4277
12171
4848
8280
14408
11023
8194
2004
14651
826
306
10853
2253
12905
6759
967
14259
10638
11322
6175
3196
3143
4639
11431
3735
12577
216
11950
5901
15390
4568
10472
9673
1684
4258
11539
9225
5434
3534
9805
10728
4427
5313
11241
1979
6963
10102
10792
14867
1204
1360
7497
9299
9808
2880
4770
10730
12935
9390
15377
11999
3091
1002
9596
8149
1708
12559
7302
10002
6480
3803
1068
5123
9052
2879
13516
5699
2623
5800
15071
10965
5172
2184
6697
13596
7680
15576
8038
5561
265
5719
6342
15628
9760
2467
5825
4044
11587
4381
13820
10656
1983
12382
7010
12265
9895
13502
6654
1886
2812
6412
1020
10278
3728
7068
3092
8449
3688
2875
4640
8940
8841
6713
7501
10558
16208
11363
14741
98
5490
10259
4108
9880
5297
912
7372
755
10299
13157
16230
10245
14793
7695
10372
60
387
13312
16350
9369
5704
1197
2079
11226
1356
4751
11156
7560
13593
11974
7626
3060
8741
1053
1680
10589
12283
2135
15668
7083
12073
3781
9319
14420
15607
12802
7429
3554
3652
2828
14072
9556
1046
7610
2808
2847
4172
7784
11940
1059
15991
4289
10203
10155
5246
7706
5858
5337
3402
9030
3216
11080
2811
1655
7849
5602
13828
4056
13923
6716
8713
14696
706
6444
592
2242
14563
16312
14290
2013
6281
1648
9542
5896
13530
999
11898
9382
592
5073
15503
16066
14215
7261
13929
1013
8995
14184
2837
1581
10984
9164
2765
6581
13864
10130
9220
2256
10081
7760
13891
8591
15990
11571
10211
13743
160
8672
468
7777
5848
4716
12970
14207
4906
1751
11855
2995
15715
6551
10422
3974
9624
10941
2134
4729
3447
9115
12705
8108
8216
12257
2365
13150
13109
533
8969
15883
11840
16019
2859
897
15903
8459
8793
13356
4858
8496
7390
3453
5398
15678
7122
15827
3010
8805
14711
10057
11385
16242
5630
14122
6133
7553
4834
5735
16328
4703
9189
12249
4788
13026
14696
11926
12969
8269
1378
2155
2345
3811
14611
13328
8655
5794
9206
6453
5321
10253
1429
12595
4811
6403
2987
9667
139
2433
16245
8253
6743
13052
639
3485
8657
10494
349
1174
15185
5735
13825
764
4374
11304
14954
5106
11539
3616
7624
4602
5182
7928
8812
7784
9845
16363
10877
11872
5047
13756
3882
15713
15189
9652
9292
5187
7541
1808
7602
13352
3333
3500
14485
1848
1042
14053
211
6545
671
12813
9668
9703
5674
4523
5651
6441
13511
5289
13654
7026
14717
5938
9276
6915
12524
16302
1808
13830
9979
12056
6911
11312
12986
7263
5515
4540
6237
13547
4329
5786
12018
14800
4925
6326
11682
14448
5441
13806
2411
8456
2104
5442
10283
14047
13633
16373
4256
12587
13304
14481
4837
13339
4155
10647
7079
13760
9099
2145
2664
14180
1122
3732
11283
14917
11155
8152
5525
1310
7636
2260
15299
2511
1679
4996
7862
16333
956
13547
10047
3719
15097
5725
7891
9350
9049
15446
12222
9305
8677
13676
12376
7058
3782
8893
7325
11095
11702
8571
991
5153
11662
580
4735
14770
10681
2602
6496
6768
14072
7153
1795
14967
5739
860
10673
2517
14895
9155
2659
3475
829
3584
6082
10430
13925
15649
13571
7908
5596
9931
3736
8895
13603
13025
7539
9597
4059
12662
8339
13624
15126
5930
5116
4486
5859
13523
3622
15736
14237
8728
15204
7802
2168
9171
3502
11127
8583
6903
13087
2262
14723
8560
932
10910
10101
5808
9655
2437
10982
2380
4613
6763
1124
7881
11963
14038
14167
3202
16200
13054
9452
10047
11827
471
3048
8732
12503
11775
6118
5691
1012
14469
7083
9305
4740
652
1312
1923
5111
86
12263
14279
1046
13112
5875
9800
7482
8732
14704
1797
1929
6006
10104
13021
5984
16243
7352
13772
11820
11784
6238
3720
14265
9043
6482
12216
10343
9348
1081
13988
11537
4768
9876
8967
9075
6162
12904
12521
4609
3810
10800
3444
2537
9752
8849
3484
2124
9393
2716
251
1936
12202
8931
4401
9252
8336
3635
12358
7804
14583
13395
3520
1259
8294
14615
9801
10999
3650
533
13675
12690
11521
11978
2635
9575
4654
9633
14773
2345
5715
438
14747
1243
3477
5816
8352
5356
13967
4543
4551
6783
1870
16072
5904
1933
880
9241
563
5574
4799
12616
12549
13840
12898
14780
8583
6832
9782
1680
15037
6443
11150
5836
4974
12056
9869
1247
15083
10906
6414
11357
1227
394
11190
9016
3269
14457
2802
10003
10349
11188
4677
997
2469
4393
11772
2099
11274
5139
14410
2153
5292
13574
12885
9133
5429
13835
2078
5841
16307
1932
14543
9442
6066
7465
12835
4177
12208
2114
12420
5336
625
2018
11950
4919
8038
11323
15381
1952
5698
12204
5065
11837
8743
932
15597
5087
14630
8172
13970
10607
5437
11068
1144
1620
747
4776
13973
14546
1330
8294
9801
9311
5018
14751
12676
3845
11594
9923
15290
921
515
11224
14394
6729
8722
2334
6324
400
14490
9065
12841
15421
11466
7119
15025
15840
2172
3235
10916
1232
7262
1384
7776
8660
5756
8075
3031
8937
6459
13053
9607
15347
2994
5608
3444
6492
7247
16373
3637
702
8963
3048
6541
5326
1589
15831
11652
12570
1728
14039
8259
16185
14956
12069
11154
8162
13684
7411
859
8159
4924
12500
9115
800
4770
6922
11526
14968
15827
14473
2677
1698
8220
2056
2443
13952
4813
14943
5882
11386
7786
11314
14787
8093
3678
14192
6980
2367
15994
2419
11444
2593
9196
9990
2784
1229
9400
7041
8410
4792
3049
7893
4481
9060
15711
605
6665
3690
5997
4915
7930
2582
3018
14119
7970
4141
3054
16102
10399
12923
12853
15068
4887
11061
2619
14990
5506
5305
11599
8210
14111
3444
3778
1633
6717
13311
9909
9334
6205
13207
11738
1383
12902
12449
4942
1082
6282
4098
3508
10251
10501
3083
3659
2378
11544
2116
2151
1101
16050
9687
1880
4532
2926
10408
4924
7298
13170
9842
10854
9243
7712
7030
1369
6691
2942
2725
8516
9937
11804
4514
7830
2210
4538
5266
13046
11663
16068
7344
54
9456
8100
2473
4798
4994
9520
15765
9198
8397
4637
6700
10323
15053
10026
8846
655
1446
2937
5633
15580
4167
11506
13764
2671
12611
14039
11127
983
6603
2297
14565
15985
14110
11724
6107
11528
7915
2884
13737
6512
980
10493
11961
3168
10117
580
2422
7831
13461
1383
11174
11886
6461
12651
595
5626
11059
9078
9125
9220
11349
9722
9586
5532
16346
14940
7714
11582
546
11497
2976
8683
3097
10595
8877
13355
6843
256
1545
9568
10109
6734
8083
14584
15653
5806
13751
15868
3203
11042
13986
11616
7378
13127
10840
10229
15663
4870
14421
774
8401
16351
14570
8156
8523
3390
8912
8193
11423
1041
2263
13122
15521
1673
6416
1762
10265
11121
5714
7600
606
5250
14295
811
925
10418
6821
169
13081
9206
12494
6411
5893
13268
12113
39
7614
2668
10637
3849
15774
1279
5853
4577
2048
103
814
10755
14056
3071
7757
7283
12715
15692
10268
8148
7013
15542
1090
7253
5802
15125
2305
6816
7777
6916
16090
10074
1568
3910
3742
9918
8479
15646
6007
5182
6555
2056
13694
3809
2406
385
9109
680
3555
6003
2437
15884
7436
13840
9227
186
14200
3203
2654
15517
5521
10276
2031
5691
1911
10352
9974
1436
12936
2503
13975
4634
4611
2173
13589
818
1792
1667
7206
5610
1571
8080
4976
15640
5578
2706
15909
955
1857
6233
16236
10633
2550
8583
6588
9618
6995
12266
5360
8471
13436
11724
15159
8843
9503
10790
11712
12195
13705
4278
7819
7283
10383
11416
9937
8295
6027
11066
14991
8600
8147
4517
13601
12534
9112
10628
7387
14645
12879
9559
10426
3786
6745
4142
12818
13783
11057
13905
905
9430
587
1
16034
10181
7140
14535
8893
2654
9108
7564
9720
614
10042
9900
9348
6697
4952
15389
10803
2639
1215
3989
12547
6380
7166
6166
3216
11921
8229
11287
7276
7081
7513
4797
9893
1688
3919
972
14646
4720
12123
546
14034
3789
12834
2661
9353
14838
9056
486
11809
10479
10674
1924
7143
15873
13255
1545
5124
6644
12564
9852
600
2226
1823
16192
3179
15874
139
11837
9276
5742
9139
10379
13996
13310
1156
7991
1066
11242
2514
6187
14295
5325
5158
3097
2074
15307
9936
10850
4379
10103
14351
13260
15722
8970
12338
4774
8942
10724
14392
11840
6933
10012
13857
4184
12223
14065
4236
8955
11461
3751
7609
11862
5382
3419
5758
16296
9815
1408
14196
6403
1937
16306
1577
15932
1644
15945
2913
13522
10253
9359
7278
15743
10201
12286
15493
14205
16072
14048
5060
15417
11452
9099
3643
6294
6591
14600
3137
11898
2826
1340
8718
14929
9767
6765
7100
9670
12684
6088
12804
12729
11924
5558
14749
8272
15684
14961
6903
5596
10520
16124
12921
2213
2637
12688
15369
14278
13466
978
2575
16018
4158
2225
1018
6502
2775
13316
12018
11081
12637
14123
14991
10213
1151
2196
8610
9771
11453
11257
11238
9767
5870
1904
12646
3297
16046
2927
5389
5780
12054
5388
13270
10436
10186
14619
3285
3980
15175
508
8337
3302
4628
538
8545
15423
5502
10582
288
849
7333
8152
638
7148
4615
1427
11676
9589
14704
6403
4702
7140
14917
15465
6482
6910
15804
15985
6653
11503
12673
1760
16129
13217
3329
9036
9173
13074
10681
2503
2838
9153
7905
15321
10048
9971
10356
11113
12971
6422
3090
1003
14447
12923
10153
13895
14527
9176
2821
11739
7252
16024
7394
9563
14226
4668
5197
9409
11664
3670
8406
3388
6844
5986
1964
8299
12011
9170
5039
13914
3849
11294
7655
10094
14718
1507
11868
10043
2006
1892
14442
9059
10300
4511
14166
4752
5643
5465
14072
7500
14359
4402
2366
7099
11160
14194
9373
5102
2968
6594
1006
11566
1725
5453
2092
9115
6728
13457
7285
11992
8962
7483
12714
9955
4060
5029
3779
1977
12908
1238
15637
4434
15514
2243
13215
15465
2010
9529
13304
2375
14362
9657
12218
11590
1090
13255
14949
13228
14583
5967
5292
12733
730
6091
2287
15423
10142
12424
8904
4862
11513
13933
7235
9933
6152
14886
8882
14128
3312
496
15415
8627
7586
12988
1984
10008
10169
9812
1791
10156
5713
15837
14396
15070
6107
5352
2680
16083
5359
3419
13993
10129
6276
12691
9327
3214
349
5564
14144
7600
9825
16375
9179
2521
5021
8057
12010
10728
5192
9179
14373
8531
301
222
7437
5133
11357
6039
8330
10278
1859
158
14216
3337
13044
9362
1229
13505
12852
4015
14437
7010
7910
11583
10613
4637
6610
12574
5808
7877
7111
13606
3299
13359
1055
2295
12305
13769
11472
2847
10133
8668
15185
10159
5847
3578
3086
2800
2324
685
8601
15804
6167
11530
10179
5880
7155
8753
11465
13162
8107
4801
10408
12249
15996
2307
13676
11068
9200
11842
13871
12120
4776
748
10390
14727
14607
1491
14971
9476
12031
3000
12566
6712
5094
8027
13914
9859
13100
10218
5221
9739
7792
12397
1569
4792
11789
9322
2360
15060
3047
8106
2751
3639
24
6156
14614
13997
6308
11765
16149
8410
13315
2988
11269
3156
4614
13541
6158
6046
10416
8529
3275
5936
9375
2194
9873
8993
6758
12474
1529
12255
753
13754
3329
6814
7791
5995
11100
5742
15670
2575
13932
5204
15183
11316
14625
5544
6801
4928
7247
10195
12496
8692
10618
2911
11831
2605
2092
11212
15911
11047
15139
926
16166
12930
8431
6250
410
8093
16055
4431
9995
5051
14481
10367
11276
16291
7767
1271
3338
6003
13565
7974
13293
13180
4788
4750
4912
2473
6111
15560
13851
5154
6687
8661
12646
12911
4979
11715
2129
8659
2497
10444
3775
1364
1819
5692
10194
3829
14036
3637
12834
12708
11516
4614
10244
12669
15642
10872
7497
14169
12928
3261
4056
770
4469
3962
4407
1941
10271
15785
12745
5962
6938
3143
6460
9237
10611
5145
14697
6929
15195
10191
2496
10236
5386
15479
10874
136
15245
3638
8738
9523
9261
7015
8346
15584
2625
9876
13551
3136
11559
11201
923
8700
1133
15169
8170
10605
5979
5487
7110
12619
15565
3375
13633
8407
1757
5764
14890
128
2894
4880
395
15307
1533
13652
1116
11965
10210
1891
5653
3254
13720
10601
8181
14488
12203
1234
11562
11170
4535
15043
14662
13099
12545
1671
7679
5163
7800
495
12719
6699
14945
12952
10270
16013
6627
14567
9531
10980
10730
7882
8711
10312
6608
11263
11269
15792
7825
1116
3330
9637
2452
4964
810
12648
12753
5587
14358
1077
2499
12569
8692
2052
2091
8705
13841
16182
1241
15507
11021
2444
4175
8688
14045
2457
7737
11381
9891
8750
13412
15238
4635
15919
13684
4168
341
14896
3691
10529
356
7522
3688
10040
11515
14927
8275
5810
10825
8338
1865
13913
13120
3260
8668
7981
11408
5673
8255
4126
3905
13058
10742
10607
12015
11804
13521
2091
14920
15019
3811
12825
7380
7544
9701
12736
240
13929
4068
6176
12721
2162
5043
1160
12535
10089
13536
1067
2653
13602
10636
6845
15639
12829
3043
16166
829
9731
8683
11504
4957
5047
2560
707
10720
8709
4072
15124
4978
4445
5291
16097
15053
8427
9111
14269
5476
2015
6689
14670
2153
3423
2425
2514
1678
6810
8978
4448
15811
4884
12749
4668
2375
500
11601
3977
14417
15878
15082
5748
15648
9655
9946
263
11663
2254
10909
15901
8296
1375
2569
12892
15783
6841
5329
14632
6380
12342
10102
10094
12846
9007
663
9558
8394
14589
6010
13957
14411
14033
8963
9518
5475
9363
7399
11184
10093
4963
2048
4057
14699
4354
13338
5218
6650
14990
11201
12455
8260
14852
7440
1908
847
10306
14343
13893
12220
4594
9413
11267
1676
2114
1795
13573
11904
8690
2476
10725
7090
14177
5682
15591
12414
2527
4253
4316
3230
3986
9748
15199
8094
2137
15150
8162
401
15071
1600
12849
7742
11575
3574
11335
13555
4131
5070
14314
4576
15438
13514
14504
14356
3375
14536
15365
1970
5222
5265
5658
14022
7379
1452
10201
6504
9732
15849
11814
7597
15389
2770
12028
57
10103
14677
4758
12101
219
9714
13538
7327
16233
3397
10321
11660
15447
2210
6901
9400
5388
10206
13542
2695
14343
3895
4516
10270
5312
492
677
3999
5803
5125
10280
10013
484
7686
13690
7214
15185
382
4664
7254
8800
13931
2848
15718
14407
15954
12286
2750
11814
15812
7021
13816
13076
10542
5154
10041
13539
2669
497
4567
7985
13921
3310
3036
7616
6545
10316
6793
12318
8223
6379
3113
256
3823
12567
10901
11333
15045
11428
15496
8463
12174
1380
15002
7390
8454
1691
3165
14421
4467
832
4275
13285
4211
16291
12581
11032
6077
501
15076
10227
13683
4445
4629
12377
4683
4366
12109
13999
3629
12721
9935
12938
14718
365
4344
14671
13997
8583
4290
192
597
11298
11823
15210
7387
9808
7649
10957
11414
2300
5444
4932
2470
6466
7289
3723
13409
16139
5841
4980
7464
1131
13022
12899
14848
11200
14480
4258
3651
11551
2786
2305
15993
10616
14813
8937
12944
11415
4084
9169
197
9412
6951
310
2632
4812
16358
11741
5979
4055
7052
5580
1065
1299
8556
1621
4893
15888
5108
13804
10255
6443
6246
14815
3158
9642
15637
15210
4970
5837
1841
11182
12316
13337
1486
7620
12647
3355
13610
15122
15311
2518
10597
4406
6433
1706
3516
6184
3621
5300
12596
9451
16060
7697
14421
2554
4276
7198
15216
5743
10475
1626
2208
8772
14953
10484
189
5934
8934
1517
6043
16115
2839
796
9296
4529
11108
10216
14583
1816
8616
2313
7801
5900
11212
1825
13688
2300
12845
10732
1910
466
3913
3928
14834
208
9862
2434
12416
2721
8216
9354
934
6954
7163
3271
4903
820
8665
3456
15816
15474
14750
285
10996
12214
12885
1574
274
13841
1772
15322
2965
730
3761
16240
13636
7213
14248
13931
13746
6178
12693
3572
13722
8785
4492
2959
3771
10351
5978
7578
3130
892
8670
5265
13306
8150
4089
12341
7618
406
11440
14732
10072
12441
8918
13820
13591
14931
5363
5717
3135
15802
10067
12885
2229
11075
13381
7588
5420
189
5475
7317
3541
1174
13003
9924
7792
8364
13340
952
15032
6666
11018
3585
215
3462
12471
11615
14479
6944
837
1711
9962
6622
3844
13229
13937
16304
9583
11711
8570
15718
3318
2820
4600
922
8262
5688
7271
9678
15711
6083
7963
9283
16352
11586
10864
87
2724
5546
16367
5205
4430
12727
9999
13596
167
1475
13839
1523
3259
4986
10074
9749
11719
9454
8825
384
2781
8502
7944
9851
7511
5273
1466
16098
13866
14176
15543
3100
8844
8312
342
8411
5592
10685
4268
13059
8548
10064
7269
1564
8234
8425
4943
3222
15265
8776
8318
8515
13117
8121
5302
7710
646
5507
2293
12544
9975
6311
1198
10136
2692
7691
13752
837
8285
10670
6817
2640
15525
5230
7147
10828
9767
15723
12023
12235
531
6329
2459
12287
12258
12943
4978
9247
10389
5084
16108
9254
1192
1810
9785
5086
9101
2991
7714
7058
15320
6870
15160
9303
4975
4681
1284
6721
4588
11720
2470
11757
1619
7831
1328
12375
1288
1989
3965
15082
11976
15197
9707
2430
4216
15622
4815
4650
6814
13137
8493
4144
9171
16363
4325
941
503
13326
9871
4651
6689
10624
1335
9729
5996
3874
6659
2326
16091
5195
15938
13879
5308
1965
279
2626
6707
4423
13428
6394
5102
15461
8386
10816
2998
9551
1873
4629
7038
14611
11952
5311
10684
7527
10018
10391
7331
4103
11293
14097
11749
8920
1398
6301
15709
2866
1367
9076
10816
3118
11497
10350
9338
3586
10259
1301
6236
13978
6297
13734
7271
9295
11231
6277
2848
15224
3537
6082
544
14366
8938
8778
9669
6166
5760
2130
6173
16156
13957
3277
13787
6687
2341
7642
14799
8765
4569
12537
11232
6496
2772
3387
4756
11520
3636
4212
11650
14318
10800
5713
9174
14180
6030
13909
7705
3076
5658
15165
4208
15541
5337
2801
15767
15168
2307
9896
4115
10957
1743
10544
9137
11573
2521
13338
7159
10397
2289
12217
9351
5016
7562
9806
5807
8254
11145
7670
5552
6301
12343
14910
9088
16367
14997
3294
13856
4208
6972
12911
5707
9958
13425
15673
10461
4343
15681
11487
7027
3593
13393
2260
545
4979
7059
5813
12271
12792
10129
519
6142
15811
14376
7096
15403
4914
2545
13478
6971
9597
11674
1102
8423
2648
7156
3408
12967
3410
15022
5030
1004
12791
3990
10209
10935
1405
12488
8302
10978
1152
685
11160
1225
14943
13569
5468
13622
1135
2889
11098
3334
6300
12653
904
2695
5616
6535
14899
6996
1158
13390
14201
6568
7332
849
2098
893
13005
3320
4748
3265
13670
12690
10580
14874
15050
14908
1333
8649
870
7047
8254
6007
16155
13374
11099
8967
274
974
10274
10046
1905
928
15092
2528
6332
1009
1310
6942
7912
12833
11713
9946
13851
7745
6178
110
15479
11422
4590
15400
2364
2772
4929
1057
10079
11458
14878
3267
5275
927
13603
7714
12243
12409
7223
14493
7054
13458
9749
11411
13405
10113
3870
5884
7023
10210
12038
6438
1748
4955
611
6823
10568
2944
2727
5679
6162
7188
16283
10276
5887
1019
644
5809
8147
5191
1034
9425
9850
10756
9711
7241
16018
4331
2571
9757
3666
2786
11849
3899
6516
5501
11366
2792
11037
4399
5124
4264
11424
8998
10917
11624
10662
6735
12700
5221
1736
14741
15436
682
415
11803
5508
3970
4325
2651
4482
9536
15820
4429
4563
10791
12149
901
6859
13136
3551
73
12390
9966
12010
11379
13820
5286
14219
1777
13265
6024
2880
6101
11675
11313
12230
9022
14713
15858
15098
10188
4234
10406
12868
11119
9942
8989
14373
3408
2741
6849
5323
3491
3023
14209
3647
2553
5212
11292
5405
11734
3544
16272
14916
2908
1088
2080
15255
10283
856
7586
10838
14666
4591
299
8694
4265
9387
15478
9449
1089
8222
13969
15629
11886
8164
12540
5009
10090
15328
15539
12634
10134
11831
8102
7137
10669
7255
1785
15873
7182
1501
2320
6452
13130
5952
5113
9914
2198
10488
7009
11367
2460
12704
7877
15559
14431
8672
343
13033
12449
12443
7373
14383
2725
14090
9595
3306
4603
5438
5729
15855
8902
1165
16270
10909
6970
16136
12393
13563
15459
14093
981
8933
2356
2950
2184
11108
4643
7107
12136
6691
3158
11885
4423
1559
3279
6915
12888
15879
6639
11323
10933
2352
2420
16005
8167
5052
6235
6727
1073
13307
12393
6798
5825
2041
8263
2572
9954
13093
5123
4301
16036
7393
2838
4646
7367
3320
7412
11693
1647
14322
13993
15976
16103
9899
11080
5264
15673
12919
2255
4400
3526
5964
1553
3408
12926
10598
4266
10997
4531
11249
14552
3369
15644
7618
10864
8666
7487
2627
5385
1777
7785
1284
521
4576
10901
457
13965
10870
11803
12612
15093
14113
11532
6549
9705
126
5498
15178
8232
13901
4842
16225
16179
224
7108
5337
3188
5246
6076
11859
9294
6611
9018
8183
15409
1573
11869
12071
12788
9104
13817
6208
10998
11739
12858
14476
12805
10490
9009
1409
1067
7800
14847
13839
6857
1552
12523
4961
861
14529
4714
5384
4561
7804
3118
2034
10568
3021
5758
10882
8741
6812
10427
11140
9375
14340
2819
4662
8344
12033
11094
1611
14748
14202
5547
3625
5669
12891
1285
9401
4493
6955
7389
12203
14118
12151
4925
6601
11140
877
5031
11752
12164
13517
10396
14015
10610
6873
11774
868
7894
8460
4936
10804
10505
9603
13278
15159
1165
5019
2466
11413
15805
2928
9882
8
4963
14898
7064
3721
14695
9156
10778
548
11335
12320
7764
9737
15102
12079
9298
10100
7179
2547
447
14650
14093
8890
2042
12083
9267
14291
6839
8823
7029
8466
994
1228
5729
8905
10877
16188
4170
1827
5881
10350
6842
3307
2931
3068
10608
426
4505
6477
7416
2640
11458
6452
8431
15428
5965
3279
4259
8290
10775
2661
10173
7990
182
14121
1076
15102
4675
3567
797
23
3047
15705
5071
12979
5890
13577
1642
8760
6669
5537
14196
5411
10704
1399
1418
9875
3013
8970
9579
119
13626
2784
6677
6083
8737
14767
4330
11396
12210
5113
1392
5464
8415
13569
11757
12349
13415
10254
7189
716
1775
7783
5701
12209
8279
7103
14962
2288
3309
4602
12554
9922
9530
27
2471
11703
13763
6252
5256
13947
6537
13699
4785
1265
7241
4219
1014
14048
1150
13358
2168
1370
2352
16284
9531
5288
15970
7763
3412
8256
16163
14557
6172
12901
14610
11375
1723
5831
3991
14924
14147
7737
8791
14925
4537
11944
12629
11394
15516
12569
4356
11240
7436
6413
14934
5442
1426
6786
3975
2925
4514
6421
2319
3431
2248
13101
6691
9748
2158
15415
5628
9142
13824
13126
3211
2996
5257
1452
5270
2406
12773
5212
558
11626
8847
1736
15275
12957
10886
15655
5661
10719
6766
248
16226
15441
7786
5370
15090
8726
3750
6900
15357
10860
7953
1698
4286
14329
5200
10623
1748
11324
6398
3624
11919
6188
8475
3290
5023
2739
15931
10962
1704
11004
152
12013
5829
13094
5504
13949
8231
15501
6213
752
2525
15015
10028
13640
5706
6857
2485
1567
13867
14665
2628
11351
9525
4036
3190
10748
10613
14856
11982
13358
1419
443
5420
838
15386
13138
12249
2848
13264
7699
3485
5562
5081
3448
13998
9712
15896
2818
341
7025
5471
10164
2448
8371
4623
11260
13485
14220
16171
4513
952
16317
1785
3874
8201
7848
13040
3696
10495
10304
737
7800
16167
9309
16182
12388
3860
6671
8112
11706
3208
3053
2424
11890
11977
16329
7302
13866
6884
13062
2462
830
7017
8315
12580
1001
2757
12374
6716
11229
6884
7581
1267
1214
6264
3188
13704
15941
10426
12828
6284
3715
11884
4741
3479
2679
3752
6903
8291
5062
2665
5823
1786
3802
12583
12220
8367
5984
6098
15294
14163
14207
13007
14603
3655
1096
10095
13451
9784
10600
10451
1299
3493
7415
9504
16341
11538
15906
971
5572
8430
15936
5646
8670
13146
4457
2852
2642
12127
13210
1506
13634
10016
6617
5768
5480
3077
5976
6068
1974
13906
14058
4010
11062
16196
12154
12114
7816
13258
10732
14335
5743
5710
10263
6585
12186
15289
5338
12513
4336
7433
14029
16267
5698
5536
6487
6595
5321
10938
5826
610
4204
16008
2904
16156
7185
3864
11072
11770
7942
13508
7769
3534
12741
13610
12081
8251
15794
3860
336
2504
3018
15044
10752
14126
2152
7064
1247
9170
9715
1823
12000
12803
4769
14205
10381
14679
16312
6271
12696
616
10843
1794
1827
2633
12845
4234
15468
3428
550
11734
4004
1032
4473
14427
3306
3863
2095
8844
1949
9610
13577
2322
4557
15041
1315
13388
15568
14291
4946
15129
12911
2177
15464
6299
4010
7959
6657
13813
12413
11348
12342
6015
7459
9139
4382
13306
5917
11749
7860
12028
1552
16245
10112
2269
1755
1754
2609
2901
9011
14993
210
14236
1046
3399
9541
14356
8357
13503
288
9174
15871
533
3224
13964
141
6679
8131
11298
3694
7983
4793
12506
9311
14397
850
7858
14149
14168
1879
3390
13618
12183
2561
16096
8267
8605
4594
13305
5899
5433
11706
14870
4300
1133
12534
10914
81
1376
10493
13271
4757
8295
12534
14913
5600
9047
8558
15469
6186
14595
15498
10819
3471
4780
9916
4914
9853
10572
15423
12469
5189
5811
2155
1285
8854
5362
7846
4340
2574
14448
8915
2322
15898
14844
2973
15472
5612
6130
2927
12694
4548
11667
14977
9657
7287
9556
13944
7138
854
1607
8695
5288
1951
9893
2952
627
7355
8287
165
10989
2897
11007
9434
11633
15481
1220
4395
11009
10730
6177
9354
14751
986
2346
6223
14299
11478
7951
9478
2840
7550
45
9034
10883
4336
5403
3508
275
10074
552
15571
791
2962
12786
668
8488
13703
15261
6767
9570
3231
2121
15810
13413
1914
1029
2110
15821
15105
13780
8849
13791
10145
2066
10359
6625
7310
62
1967
14877
1453
3152
13420
12357
10102
8190
2362
8238
11805
14673
4052
1679
8893
5837
13661
10482
3568
114
11242
6122
15499
7882
3816
15995
14267
14465
11962
5660
6266
39
13680
1326
8094
4988
5059
5884
3402
11904
77
437
15863
700
1518
15111
6320
13308
403
12925
15608
1282
1947
5705
14696
10061
14326
12531
920
12738
7280
9062
8912
13028
12909
1638
6301
8007
4412
2327
6848
3742
3593
6611
15076
15665
12609
15623
2477
14907
1665
14249
10300
11008
13537
5000
5710
1568
2961
12777
8862
12891
15496
4647
4467
2252
12600
14027
5047
7898
15239
9144
15350
668
7840
15734
14627
12573
4433
5892
4100
9843
5982
3079
2050
8485
13420
7634
12365
1267
7281
8101
13523
3033
299
4237
13054
12550
11849
9962
1260
444
14107
2918
11177
8064
12004
2196
274
14572
13029
3167
7846
188
747
7128
3368
8845
16167
3625
10675
8728
6778
1383
3874
5073
11684
12906
10482
1623
15894
7094
12229
5353
2799
9855
13501
5867
6698
1693
6669
15407
10648
2145
1022
5453
2854
519
12891
489
13972
11758
2086
2694
7738
248
3301
12581
1934
3917
15139
7218
5731
9639
13103
1061
7287
13786
5366
10551
2924
7462
2715
5884
8352
13172
13815
7589
10303
10355
10890
10487
5223
2730
1033
3088
10161
14970
9896
9613
12095
5848
1129
3069
13013
4638
649
8085
15066
11188
8441
8144
12717
6371
11728
3482
8923
3734
1871
14839
14022
4712
3229
11316
14684
6166
10515
8165
12364
3706
11825
13141
16237
15191
6284
8870
13511
5892
11267
1419
6516
8404
2441
12246
6041
15565
15860
11356
14871
13594
9764
6877
12576
12643
7280
4817
15191
99
10289
11595
12333
2621
4038
16228
5153
4766
882
3688
7765
6313
3120
4259
6535
2040
8709
9461
15976
13211
13421
13264
1437
9370
963
15162
5178
9232
4354
13032
4796
709
15015
9370
13998
6741
14515
3971
6361
3356
404
11486
2232
10728
3805
10771
830
16250
2092
13442
7170
876
7905
12570
10236
11057
1463
2671
3964
16270
14323
496
1801
55
13930
4734
13854
2926
787
1245
15863
9015
4514
6475
13780
9859
7464
8257
3555
8506
3346
6364
7266
9149
2464
8862
11286
7158
8215
9926
8185
750
5686
14705
15026
5768
13250
2926
8906
15711
1748
13000
13677
6371
16251
6951
7431
1992
6357
8598
5976
12488
16231
5377
1590
5525
8007
2276
357
10672
14609
2074
14050
5360
9736
12285
13883
10658
9252
3944
1339
10365
12287
12743
5795
14203
2133
5358
4931
4973
1258
15252
10968
1994
14066
113
8899
7674
7595
954
12171
2004
13761
15050
2875
11275
4649
1627
4751
15121
14934
1524
8121
5417
14907
3789
2469
7641
14385
4906
11866
1204
15228
15915
14058
8356
334
15176
2310
669
16380
7068
8472
12727
4150
2782
14027
164
3661
2311
8866
12236
971
12889
1809
9633
12698
14022
6539
1711
8323
7106
918
4044
4304
9034
4769
8035
4076
10907
11289
10443
15916
5974
9623
14348
5831
16253
15953
10649
11482
9691
15428
9281
4928
31
3731
4624
6297
15960
3621
9503
2087
7555
8581
8045
936
6841
12820
14566
1870
7441
3286
13987
405
15847
2778
13468
13471
1680
9458
760
4569
5647
65
11928
7325
1993
10071
14049
4971
9702
11496
14227
13450
8174
9489
11453
6881
6696
10776
6210
3977
14279
11956
5760
12004
9387
11648
1082
9100
12468
10993
16132
9006
7268
439
12096
8723
11215
4800
5452
14461
14811
275
12504
11295
4936
2514
4463
4165
4488
9021
8815
1537
2916
12271
15531
9528
10681
8387
9985
9996
7526
6046
376
5647
14236
11445
4019
4728
11745
2108
9769
9789
12070
2845
6004
4613
8417
5532
13346
10403
9116
7173
14384
12391
12668
9450
3919
4752
14990
3457
9929
12448
14189
11912
9474
14778
10546
3089
3972
14569
7263
11849
7936
15905
7176
14174
15167
15102
7075
16215
12036
6438
720
6753
5688
4346
4650
5838
4261
15724
1771
10378
9183
3411
8586
12274
2823
8045
12361
3717
16292
7591
14356
1717
2393
9454
11535
15356
8508
7062
12512
12559
4273
6634
4683
11374
13205
15365
12780
1393
11112
9141
16382
8227
10243
15504
13154
1157
5538
16280
6369
11019
3049
14388
12856
11813
3149
10301
13920
15891
1457
12184
14683
1349
5972
1492
11080
6247
15964
3739
10175
3187
386
3814
966
8408
8089
4140
9899
13377
11238
15449
16210
1141
13020
4789
8871
3793
2132
10562
315
7712
5249
15032
2711
8068
1544
10152
9892
7145
5770
9880
7039
2984
7425
15728
5301
4484
6437
13751
5272
2225
10332
8496
10231
11334
3004
16012
5729
9868
9564
11476
13759
2988
14274
644
10341
52
13430
5215
2744
6760
10034
15326
11391
12979
9026
351
15766
9880
11015
2312
9095
14940
4551
16373
2858
9424
15048
14908
5701
4
13073
12464
239
55
7319
8593
13995
13224
14520
12990
15723
6891
15843
15062
8296
4076
10856
13381
436
11435
8044
4109
1262
2425
15906
2831
13686
656
13260
10371
1549
16197
15221
9732
5875
352
3657
5098
2934
15479
2939
4141
6791
13574
83
43
14934
645
4358
8284
14650
10819
1677
16347
9091
8673
16353
3308
7177
3264
10976
14520
15245
8572
10154
12596
12707
2644
1949
7359
325
6409
1626
8907
3663
3350
8260
5578
6707
12261
14356
16113
14809
14555
3876
11000
8623
10816
15729
7349
1388
15677
4988
8303
11821
4088
5897
3804
11077
15474
6769
9555
10643
1132
7301
6345
5199
16315
11697
4386
1108
7252
16157
11271
11184
13620
1319
14574
2101
7819
4858
12358
9847
16280
3509
1617
7845
9839
2157
15901
5526
14142
3471
13611
16295
4710
11675
5372
14966
7310
10033
12961
12628
1751
8881
12092
10859
9947
5820
1817
1313
5551
7773
11108
4996
3956
8657
15935
5885
3197
13767
4129
11533
14211
4298
9082
15262
1737
4817
14518
2150
4133
10405
9841
1590
10322
7445
14837
4779
16119
16248
4785
6902
4741
5497
3123
9700
5668
10756
13999
8902
617
492
15585
2142
7619
10070
8660
9658
2050
1614
6877
11021
7491
6171
1660
5306
13808
10548
15041
7083
3664
14802
3104
8214
4
1702
5358
13716
10111
2690
14154
8089
297
6311
7466
9281
15327
10331
26
2539
3311
1228
3133
1141
1371
12541
15778
1022
1728
1998
9728
7456
4762
5853
13193
11891
14517
9081
4828
1841
15870
6082
4299
1488
3488
8458
10728
11125
2564
13782
2470
11166
9711
2427
2343
16347
69
3442
11327
347
15516
9961
5065
8548
15108
7236
7836
9081
14691
13763
8841
3630
5656
2825
7709
2440
7972
8702
8359
6917
8913
2476
7103
6602
312
1055
14397
2563
9018
3598
11750
6525
4167
2948
4880
9173
1018
2172
1952
4155
7953
7892
4409
9030
2265
9522
14011
13271
14656
14609
11615
8909
9927
14594
5444
826
2659
10609
5779
3533
5906
16308
8289
6598
8403
7557
4625
7035
2618
7490
1478
14817
4136
248
15263
3891
1471
8116
12877
5198
6325
908
14709
8764
9967
3547
16282
11036
1352
15808
12539
5385
15799
8131
3054
6629
9794
13800
15342
12784
13590
4177
3764
2641
12525
13112
2519
2462
3027
3055
7558
10931
5054
6589
7
8541
14024
5864
4315
7627
1030
14802
2727
11659
9959
7806
3262
3509
10087
3890
11168
1664
6145
603
8534
4384
818
8030
10393
3163
517
176
70
10494
3473
15502
1902
9750
1389
3498
10056
1504
6237
10756
4339
12927
13355
16304
7605
16218
4878
14372
5139
7566
11099
7235
14827
13499
4425
10802
8112
6870
3781
13823
5363
11668
7461
5454
8199
1458
7686
12995
7666
375
8255
10153
15496
6657
3090
14748
9316
4506
7255
10405
15765
7228
15484
12946
12114
13269
1078
1532
9652
7629
3806
12065
4380
5574
1840
10186
2103
4769
12139
146
6828
6084
3487
3246
16295
9965
15529
12829
7759
10879
14943
6391
14456
12363
13564
3890
6557
5906
1315
3907
4346
13122
2962
4836
8021
2187
11115
5782
5559
1664
15126
5131
13624
11994
2442
373
8649
7927
11580
14872
3940
9776
11038
15142
9465
1090
6460
358
8668
13047
2577
5072
1488
4782
4082
4650
10840
6529
1302
6563
1043
2138
2887
11214
6071
8631
4721
1276
10351
9468
16201
10010
4542
12812
6540
14012
12391
8148
7736
5123
6955
6674
11722
9196
497
9592
15739
15530
6498
9251
7866
1805
2167
12080
4210
7555
14422
5782
13763
3896
11580
6042
16064
11082
9891
12299
1794
1706
10123
5248
13960
2537
1283
8041
13076
3554
9534
13227
16364
9217
7631
16201
6442
3625
2736
8379
1514
8558
3134
13686
1212
11707
330
5124
378
2956
10431
598
6111
6527
15946
5754
14001
184
5832
2344
4902
9152
6063
1252
103
11510
12796
10471
9671
1244
9080
11377
15816
5195
5055
7911
9337
14991
15808
15634
5622
5099
16296
7975
9062
5080
11410
8654
12462
6606
13462
5002
14166
11092
11410
5519
14278
12033
10599
2565
5122
10022
16377
716
13339
3943
8132
794
6471
3416
8620
9884
8530
10816
13465
3301
9957
5389
123
3009
9914
2425
11599
9224
15888
6259
8951
84
59
537
12808
13051
4638
10483
2707
10442
2380
14066
12413
14636
11579
1719
7444
1292
3206
7967
2160
9853
15382
7716
1456
8316
13657
11382
8685
3268
11013
12658
9074
15313
1570
6838
9972
12277
307
14894
14564
1973
973
7842
3409
14000
4608
5608
10577
303
8414
7418
10990
2050
12993
15104
8726
11500
5286
935
13838
54
8863
15852
6918
3211
14374
5150
5176
5543
15473
7441
7953
14630
14596
9345
13831
1919
7660
6309
3748
4175
13238
5516
13112
906
11677
3540
1966
5351
4314
13831
10690
5403
4275
8128
4966
2853
5778
2286
3068
9804
13218
11955
10310
12106
15730
8717
3387
9666
1105
13636
14091
12420
370
3458
14735
15943
8824
7378
7108
5522
6681
14571
15514
15003
6774
13907
10340
7889
498
6620
11485
12006
14572
476
5251
6502
15392
5006
7177
4671
10512
3862
11866
10570
6075
9827
12883
5607
7570
539
13132
5124
2940
15987
14840
15550
15274
11277
15018
3081
10475
713
14734
15542
8660
11283
7070
9373
5447
5548
3836
3303
12140
13581
12177
12372
12024
1721
10819
11822
10308
7663
1169
6188
2392
2631
3740
14609
12054
3616
16306
14208
13652
7682
8632
2810
7041
9454
5516
14579
9278
6476
3132
3490
9244
10904
8048
4771
4873
120
1015
1749
13028
11039
11796
5107
5841
3215
1907
9113
567
3713
3834
15704
6292
13773
7186
2284
4670
6053
2024
4752
3237
11685
766
7513
8862
10949
5201
471
15169
5543
5793
14756
8675
5567
12985
5797
666
9000
6564
15352
13359
4143
3197
15511
5947
1068
12745
6139
3133
1761
14517
5962
11976
154
5169
12102
5575
1441
2876
9673
12706
15177
3595
207
7730
13329
2856
3214
2822
8480
5090
4832
16383
7598
4198
14043
13274
238
6934
8775
6038
8909
9836
2145
9043
13651
13421
6782
13212
14298
10816
4695
10582
14983
11224
9621
2277
443
11383
10985
6483
15471
6390
16319
12783
10699
11275
9291
6433
7663
3360
10595
11152
12646
1338
12430
7734
12564
10017
5055
5212
7325
12293
386
9321
4118
2556
14105
12820
15671
9233
10234
13361
492
913
9894
10316
15006
11296
7123
9017
4518
6430
11595
7455
10507
8591
11838
6357
15960
13060
1916
1239
6584
12457
12732
2245
10719
16004
10625
13056
1918
10457
8056
2445
12168
4955
11900
8017
7876
14382
12178
10332
4075
15533
2980
1703
7503
2012
14875
9067
9764
12224
13353
13315
9724
16335
2174
1132
8940
138
15695
2928
9728
403
818
12190
5320
828
1894
10334
3302
12107
7569
8371
4353
887
14137
766
7689
4513
2513
15804
8103
3299
9416
7114
2522
10236
6431
8436
7561
11899
3845
8796
1743
8330
14322
15662
6521
10482
8565
11372
3448
8719
13495
3436
1755
6668
10164
7090
10404
14256
12048
5882
13837
12811
11191
1308
14917
3883
12260
9788
7094
5525
12023
2502
10003
5239
16033
6436
2732
15834
13206
6588
3765
2510
3584
16153
8363
12805
8607
2695
2992
2481
4819
5364
1178
6233
15799
1863
11734
10402
345
11375
13766
6817
8562
9701
15287
11943
2476
8528
3566
12544
12982
7369
744
7430
14827
6986
15524
5981
13982
11836
7344
10991
11491
637
10498
15640
3394
8836
3108
5130
7650
15671
3918
9205
10000
6019
15453
15968
7848
2164
6847
8815
6457
1152
10467
8481
567
356
10246
5907
7658
4750
8239
13399
6043
1304
3072
3510
1548
5580
6000
2503
2451
9275
10829
9394
11609
2461
12428
397
9272
2957
6732
10174
7836
12716
7879
6498
8144
11965
3430
5899
1297
11127
1039
7111
8176
14819
8240
11495
2267
4075
12411
13452
6208
3801
14479
10563
1953
590
7971
10907
15410
7780
3432
14815
16235
12716
7937
13088
1290
507
12597
16165
14577
9142
3095
138
12719
6591
14122
12572
1929
7121
5292
6193
11734
6944
2909
1304
4126
5864
6
7082
2560
12112
6339
11308
13672
9318
1930
3900
7182
15782
7307
5027
1779
7821
4292
15658
9
1215
3284
15407
8538
10277
13936
9677
748
13837
351
427
4427
9052
4114
14059
1351
8774
5985
3256
16374
3447
2922
2264
6552
10762
5677
8387
13962
3268
12383
7788
2642
5325
10496
3151
8064
2583
4057
7433
3483
10497
4810
11959
6018
9437
10060
9291
14540
8995
4952
3548
7372
12456
11894
6474
993
13902
2519
6048
15086
13551
4676
8094
7431
6041
14147
9779
12782
7029
3968
6841
11918
13951
7108
13244
2776
6078
12624
11354
3479
12085
1218
6407
4316
6559
11090
14679
3549
14544
15814
15438
15640
3819
7292
3098
12053
4034
13581
14468
3168
5113
16292
13488
603
9764
1296
701
12603
14489
10244
2159
600
13828
14074
10953
8577
11985
9138
8105
9897
11965
13947
1341
7681
4774
15239
9742
15192
7487
5633
6286
940
15841
1933
729
14101
8166
10995
3131
14540
2222
12423
2063
12043
12641
13332
6183
7659
12214
15064
15490
7490
6894
10443
3024
4379
6685
7279
12929
13927
11531
16017
14384
2890
9660
10025
13708
1568
13961
8800
5238
10878
13706
14947
11156
13536
5295
5778
7458
6351
15931
14935
4788
14457
9218
6689
11844
12049
13987
14618
2714
145
4113
13520
13574
13091
9600
3311
6438
12872
348
15455
2541
9457
997
252
5141
14937
13160
8546
5263
12877
4981
8467
3546
9001
4537
3850
712
8384
6495
5845
4647
13350
6483
10130
8411
1437
10974
9728
9948
10771
9525
10163
15641
16273
7622
3904
10377
5045
16113
15888
14619
4643
16273
15488
13773
3240
2442
10237
15327
631
12048
5931
13155
12283
9047
11197
9047
9702
6349
2180
727
11862
11431
4297
6508
13806
9189
9626
4145
14223
15261
326
4003
12822
5386
11300
8024
7554
10887
3170
7677
8048
3858
15092
16383
15918
7377
4072
5358
3716
9319
6223
1923
7436
3972
8153
16277
15197
8786
8735
8765
8135
3323
5501
6845
6302
7961
12120
14898
8292
10348
990
9830
9617
7582
14240
5987
14120
15500
9776
13066
4128
3315
1470
15919
104
2445
13651
8438
5841
2127
2818
10929
13989
14686
11260
14214
9173
874
7495
7219
16218
1538
7638
845
12642
330
16079
12858
231
15512
9297
3457
12431
3899
1753
9435
551
8312
1158
15465
9978
890
6980
9358
12347
1195
5131
950
1186
12042
10030
10699
13628
3767
1853
15666
4690
3028
6174
13108
2686
15536
14848
3391
2595
13343
10934
8530
9003
14626
11402
7226
11936
7724
12705
2361
12301
608
6255
11496
2597
11934
1248
15288
4968
12151
11930
12671
10027
13849
11574
7443
9178
11241
15745
13362
2871
6757
10001
387
5964
7181
12135
13675
2370
285
452
5405
6901
16097
803
2348
7526
4565
11137
8699
15283
3785
5712
15977
13012
3939
10271
3560
4553
6552
3712
13951
13818
7119
57
10514
9577
2329
10109
2093
10221
14404
10167
8600
13638
8194
10060
6357
3388
14871
11916
9234
11936
1062
13607
14
2379
16353
978
8098
15932
3457
3885
3307
121
11627
11045
3123
11204
14978
6958
8608
13919
6910
15762
13338
11567
7375
4472
4487
2690
13436
11024
7789
3539
3736
1301
16082
13540
15987
12035
3538
9421
1854
5007
8334
13555
6949
2524
6078
10384
14101
3782
7893
2144
14186
4974
8851
12644
11419
15888
4742
13434
16123
7475
7459
12995
10896
8262
12032
13249
6565
8506
173
7041
1259
10017
12220
12894
16028
8722
9864
9929
5039
13477
4358
12126
8467
10642
11541
13313
3399
13845
8774
5507
6366
16367
5098
14774
9989
3173
8612
11668
13300
539
7515
6098
12561
2217
3128
11575
4403
11784
9205
12104
1014
7074
8988
6220
715
3303
11450
14762
205
12824
5428
12283
15989
5910
4941
8429
6603
5156
1712
408
4949
766
15221
4075
6094
15438
4770
4238
14691
10160
15316
7702
6738
15291
8295
4539
5078
13734
14286
5367
8715
9071
15821
15223
12295
913
6946
7198
4910
3845
8276
3277
9199
2747
8145
6198
836
5109
15140
8020
13134
11787
14193
15361
5931
248
15521
6716
4163
2122
6963
11794
12495
945
1508
12838
9222
480
10818
15398
12494
14177
1953
2167
3621
5052
7302
7449
7998
3544
9056
13795
13458
9416
10224
15475
10081
13463
15657
5877
5270
6336
2311
13983
13599
2672
4405
3714
1153
13019
11136
2814
12217
11954
8806
8411
16339
7244
13877
6399
1055
10587
12704
3023
11099
11817
15839
16259
12804
9329
9092
4741
15527
4056
7308
10720
6596
10540
2358
6460
6102
3765
8156
15345
7621
4125
10829
9269
2261
2348
11915
9882
2314
4648
12613
5618
14519
7967
11790
14411
5463
10406
14619
9243
9669
4851
4944
14617
7703
11663
12830
10088
13476
8758
9723
4111
2602
12598
9534
10751
10950
6748
5132
3944
15695
393
2165
10422
1572
3501
935
6013
13054
10115
7225
7893
13337
3576
7054
1076
16136
10727
10554
10474
8449
13890
16097
3809
5468
12558
12023
4708
15366
4658
14105
13945
10514
13821
9991
15011
5736
6535
16259
6711
11142
14251
11850
10588
15176
16256
6107
16039
14185
985
11386
10018
15591
408
12259
13149
43
13685
13295
15874
15865
