4094
4085
4081
4080
4078
4078
4077
4075
4075
4073
4070
4070
4069
4068
4067
4067
4063
4063
4062
4062
4061
4061
4060
4059
4059
4058
4058
4058
4055
4055
4055
4055
4054
4054
4053
4053
4049
4049
4048
4048
4048
4047
4047
4046
4046
4043
4043
4042
4042
4042
4040
4039
4038
4037
4036
4035
4035
4035
4034
4034
4031
4031
4031
4031
4030
4026
4025
4024
4023
4023
4023
4023
4022
4019
4019
4019
4019
4018
4018
4016
4015
4015
4013
4013
4011
4010
4010
4009
4008
4006
4006
4005
4004
4004
4003
4002
4001
3999
3997
3996
3996
3994
3994
3992
3992
3989
3989
3986
3984
3983
3982
3980
3980
3978
3978
3978
3976
3976
3975
3974
3973
3971
3971
3971
3970
3969
3969
3969
3969
3969
3967
3967
3967
3963
3962
3962
3961
3961
3958
3958
3958
3956
3955
3954
3953
3952
3950
3948
3947
3947
3943
3943
3941
3940
3940
3940
3939
3939
3936
3936
3935
3935
3934
3934
3933
3929
3929
3927
3927
3926
3922
3922
3921
3921
3918
3915
3914
3914
3914
3909
3909
3908
3907
3906
3906
3905
3905
3905
3903
3902
3902
3901
3900
3900
3899
3898
3898
3896
3896
3895
3894
3894
3893
3892
3892
3889
3889
3887
3886
3885
3884
3883
3883
3883
3882
3880
3880
3879
3879
3878
3878
3878
3875
3875
3875
3873
3872
3867
3865
3865
3864
3864
3862
3862
3859
3858
3858
3858
3858
3857
3856
3854
3854
3853
3853
3853
3851
3850
3849
3848
3846
3846
3846
3845
3844
3842
3842
3841
3840
3840
3838
3835
3834
3833
3832
3831
3826
3823
3823
3823
3823
3820
3820
3819
3818
3818
3817
3816
3816
3816
3816
3816
3816
3815
3812
3812
3811
3811
3810
3810
3807
3806
3803
3803
3803
3801
3801
3799
3798
3796
3795
3794
3794
3793
3793
3792
3791
3790
3790
3790
3787
3786
3785
3785
3785
3785
3784
3784
3784
3783
3783
3783
3783
3782
3780
3779
3776
3776
3776
3774
3773
3773
3771
3770
3769
3767
3767
3767
3766
3765
3761
3759
3759
3758
3757
3757
3756
3755
3755
3754
3753
3750
3749
3749
3748
3747
3747
3747
3746
3743
3742
3740
3740
3740
3737
3737
3737
3736
3734
3734
3733
3731
3730
3729
3729
3725
3725
3724
3724
3724
3721
3720
3720
3720
3720
3719
3718
3718
3715
3713
3713
3712
3711
3709
3709
3709
3708
3707
3707
3706
3706
3705
3704
3703
3703
3700
3698
3696
3696
3695
3695
3693
3692
3691
3691
3691
3690
3689
3688
3687
3686
3683
3682
3682
3681
3681
3681
3681
3680
3678
3677
3677
3676
3675
3674
3671
3671
3671
3670
3666
3666
3665
3665
3665
3663
3662
3661
3661
3660
3659
3659
3658
3658
3657
3657
3657
3656
3656
3655
3654
3652
3651
3651
3651
3650
3646
3646
3645
3644
3644
3644
3641
3641
3639
3639
3638
3637
3637
3636
3635
3635
3635
3634
3633
3633
3633
3631
3631
3630
3630
3627
3627
3625
3625
3625
3624
3623
3623
3623
3623
3622
3620
3620
3616
3616
3615
3614
3613
3613
3613
3611
3611
3611
3610
3609
3609
3609
3608
3607
3606
3606
3605
3604
3604
3603
3599
3598
3598
3593
3593
3592
3589
3588
3588
3586
3586
3585
3585
3585
3583
3581
3577
3576
3576
3576
3573
3573
3571
3571
3570
3569
3568
3568
3566
3565
3564
3563
3561
3561
3560
3560
3559
3559
3558
3556
3552
3552
3549
3549
3548
3547
3546
3544
3542
3542
3541
3541
3537
3537
3536
3536
3535
3535
3533
3532
3532
3530
3528
3527
3527
3526
3526
3526
3526
3525
3525
3524
3523
3523
3522
3521
3519
3518
3514
3514
3512
3511
3511
3511
3510
3510
3509
3508
3506
3505
3505
3504
3504
3503
3502
3501
3500
3499
3498
3497
3496
3496
3495
3494
3493
3491
3488
3488
3487
3486
3485
3483
3483
3482
3481
3481
3479
3477
3477
3476
3473
3472
3470
3470
3469
3469
3469
3468
3467
3467
3466
3466
3465
3465
3464
3464
3463
3461
3461
3459
3458
3457
3457
3456
3454
3453
3451
3449
3447
3446
3445
3443
3443
3441
3440
3439
3439
3438
3437
3434
3432
3432
3432
3430
3429
3428
3425
3424
3423
3422
3418
3418
3416
3416
3415
3412
3411
3411
3411
3410
3409
3409
3406
3405
3405
3405
3405
3404
3403
3402
3398
3398
3398
3397
3396
3393
3392
3391
3390
3389
3388
3388
3387
3386
3385
3385
3383
3382
3379
3378
3377
3377
3376
3375
3375
3375
3374
3373
3370
3369
3369
3367
3366
3363
3363
3363
3361
3360
3359
3359
3359
3358
3358
3358
3358
3357
3356
3354
3353
3353
3351
3350
3348
3347
3346
3345
3345
3344
3344
3343
3343
3342
3336
3336
3336
3335
3334
3334
3334
3334
3333
3332
3332
3332
3331
3331
3330
3330
3329
3328
3326
3325
3324
3323
3322
3320
3319
3318
3318
3317
3314
3314
3313
3312
3311
3311
3309
3306
3305
3304
3304
3304
3304
3303
3302
3302
3300
3299
3298
3298
3298
3298
3294
3291
3291
3291
3290
3290
3290
3289
3289
3288
3287
3286
3286
3281
3280
3279
3277
3276
3275
3271
3271
3267
3267
3266
3266
3263
3262
3262
3261
3261
3260
3260
3259
3258
3258
3258
3257
3257
3256
3254
3253
3252
3252
3252
3251
3247
3245
3244
3244
3244
3243
3243
3242
3241
3240
3235
3235
3234
3234
3234
3233
3232
3231
3230
3229
3225
3225
3224
3224
3224
3221
3220
3220
3219
3218
3218
3217
3214
3214
3214
3213
3213
3213
3211
3208
3208
3208
3206
3205
3203
3202
3201
3199
3197
3196
3196
3196
3195
3195
3193
3192
3192
3191
3188
3186
3186
3185
3184
3183
3182
3180
3179
3179
3179
3179
3178
3177
3176
3176
3175
3174
3174
3174
3173
3172
3171
3171
3170
3167
3167
3167
3166
3166
3163
3163
3163
3162
3162
3161
3160
3159
3158
3157
3154
3152
3148
3146
3145
3144
3142
3139
3139
3138
3138
3137
3132
3131
3129
3129
3128
3128
3127
3125
3125
3123
3120
3119
3118
3118
3118
3117
3116
3115
3114
3112
3111
3110
3110
3110
3108
3108
3106
3104
3104
3104
3102
3099
3099
3098
3096
3095
3094
3094
3092
3090
3089
3088
3087
3086
3084
3083
3082
3081
3080
3080
3080
3080
3079
3078
3076
3075
3074
3072
3072
3070
3070
3069
3069
3068
3066
3065
3065
3064
3062
3062
3060
3059
3058
3058
3058
3057
3055
3054
3052
3051
3050
3050
3049
3047
3046
3046
3045
3044
3044
3044
3044
3044
3043
3042
3039
3038
3036
3036
3035
3035
3034
3034
3032
3031
3029
3029
3028
3027
3026
3024
3023
3023
3020
3018
3017
3015
3014
3012
3011
3010
3010
3009
3007
3007
3007
3005
3003
3002
3001
3000
2998
2998
2997
2996
2996
2995
2995
2993
2990
2989
2988
2986
2986
2985
2984
2984
2983
2983
2983
2983
2982
2982
2979
2977
2977
2976
2976
2974
2973
2972
2972
2972
2972
2971
2971
2971
2970
2966
2965
2965
2964
2961
2961
2961
2959
2958
2957
2956
2953
2953
2952
2950
2948
2946
2946
2945
2944
2944
2944
2943
2942
2939
2938
2938
2937
2937
2934
2933
2933
2932
2932
2931
2930
2930
2930
2929
2929
2929
2928
2928
2925
2922
2922
2921
2921
2920
2919
2917
2915
2915
2914
2914
2914
2913
2913
2913
2912
2909
2908
2908
2906
2905
2904
2901
2898
2897
2897
2896
2896
2896
2896
2895
2895
2895
2893
2892
2890
2890
2889
2889
2888
2888
2887
2885
2885
2884
2883
2883
2881
2881
2880
2880
2879
2879
2879
2877
2876
2875
2875
2874
2872
2872
2872
2871
2871
2870
2869
2869
2868
2868
2867
2867
2866
2865
2864
2864
2862
2861
2860
2859
2857
2857
2855
2855
2854
2853
2851
2849
2848
2848
2848
2847
2844
2843
2843
2843
2839
2839
2839
2837
2836
2836
2835
2833
2832
2830
2829
2829
2829
2826
2824
2824
2823
2822
2822
2820
2817
2816
2815
2814
2814
2814
2814
2813
2813
2812
2812
2811
2810
2810
2810
2807
2806
2806
2806
2805
2805
2803
2803
2803
2803
2801
2800
2800
2799
2799
2796
2795
2794
2794
2793
2793
2792
2792
2792
2791
2791
2790
2790
2789
2789
2789
2788
2788
2786
2786
2786
2785
2784
2784
2783
2783
2782
2781
2781
2781
2779
2778
2777
2777
2772
2770
2769
2762
2761
2760
2759
2756
2754
2754
2754
2750
2749
2748
2747
2747
2747
2747
2747
2746
2746
2745
2743
2742
2741
2741
2741
2740
2740
2739
2738
2735
2733
2733
2732
2732
2732
2728
2728
2727
2725
2724
2723
2721
2720
2719
2718
2717
2715
2712
2712
2711
2711
2711
2710
2707
2705
2705
2704
2704
2703
2702
2702
2701
2700
2698
2696
2696
2694
2693
2692
2691
2691
2690
2690
2690
2689
2689
2689
2688
2688
2687
2686
2685
2684
2683
2682
2681
2681
2681
2680
2679
2678
2677
2676
2676
2676
2676
2676
2672
2669
2668
2667
2667
2664
2662
2659
2658
2658
2658
2657
2654
2652
2651
2650
2648
2647
2645
2645
2644
2644
2641
2641
2641
2640
2640
2640
2640
2638
2637
2637
2635
2634
2634
2633
2632
2632
2630
2629
2629
2627
2626
2625
2624
2623
2623
2622
2622
2622
2621
2619
2619
2617
2615
2615
2610
2608
2607
2607
2606
2602
2601
2598
2598
2596
2596
2594
2594
2594
2593
2592
2591
2591
2589
2588
2588
2588
2588
2586
2585
2585
2584
2582
2581
2581
2581
2580
2580
2580
2578
2577
2576
2576
2574
2574
2573
2572
2571
2570
2568
2567
2564
2563
2563
2562
2559
2558
2558
2555
2554
2553
2551
2551
2549
2549
2546
2546
2546
2544
2543
2541
2541
2539
2538
2537
2536
2535
2532
2532
2532
2531
2530
2530
2529
2529
2527
2525
2524
2524
2523
2520
2519
2519
2518
2518
2517
2516
2516
2515
2515
2514
2514
2514
2513
2512
2511
2510
2508
2507
2507
2507
2506
2505
2503
2501
2498
2498
2497
2497
2497
2495
2495
2494
2493
2493
2493
2493
2492
2492
2492
2492
2490
2490
2489
2487
2486
2486
2485
2483
2481
2481
2479
2478
2477
2475
2475
2473
2473
2472
2472
2471
2471
2470
2470
2469
2468
2468
2467
2467
2466
2465
2464
2464
2463
2463
2463
2463
2460
2459
2457
2455
2454
2453
2450
2450
2449
2448
2446
2445
2445
2445
2445
2444
2441
2439
2438
2438
2437
2437
2437
2437
2436
2436
2435
2433
2432
2432
2430
2429
2427
2427
2424
2424
2421
2420
2420
2419
2419
2419
2418
2418
2418
2415
2415
2414
2412
2412
2412
2411
2409
2409
2408
2407
2405
2404
2404
2404
2404
2403
2401
2399
2398
2398
2398
2397
2396
2394
2393
2391
2390
2389
2386
2385
2385
2385
2383
2382
2382
2379
2378
2377
2375
2375
2373
2373
2372
2372
2370
2369
2368
2368
2368
2367
2365
2363
2363
2362
2360
2360
2359
2357
2357
2357
2355
2355
2354
2354
2354
2353
2352
2351
2351
2349
2349
2349
2348
2348
2344
2343
2343
2342
2341
2341
2340
2340
2338
2338
2337
2336
2335
2335
2334
2334
2333
2333
2331
2331
2330
2328
2328
2327
2326
2325
2325
2325
2325
2324
2324
2322
2321
2318
2317
2316
2315
2315
2313
2312
2311
2311
2308
2308
2306
2306
2306
2305
2305
2303
2302
2302
2301
2301
2301
2300
2299
2299
2298
2298
2298
2297
2296
2295
2295
2293
2293
2292
2292
2292
2291
2288
2287
2287
2286
2286
2284
2283
2282
2282
2282
2280
2280
2279
2278
2277
2277
2276
2276
2275
2274
2272
2272
2272
2271
2271
2270
2265
2263
2262
2262
2261
2261
2261
2260
2257
2255
2253
2252
2252
2251
2251
2250
2248
2248
2247
2246
2245
2243
2243
2242
2241
2241
2237
2236
2235
2233
2229
2228
2227
2224
2224
2220
2220
2220
2220
2220
2220
2218
2218
2217
2215
2214
2214
2212
2212
2211
2211
2211
2210
2208
2208
2205
2205
2204
2203
2202
2199
2198
2197
2196
2195
2193
2191
2191
2189
2189
2188
2187
2185
2185
2184
2184
2183
2182
2180
2178
2178
2175
2172
2170
2170
2167
2166
2165
2163
2163
2162
2160
2160
2159
2156
2156
2155
2155
2154
2154
2153
2153
2152
2152
2151
2150
2150
2148
2147
2146
2146
2145
2144
2142
2142
2141
2140
2139
2139
2139
2137
2136
2132
2131
2129
2129
2129
2128
2126
2125
2124
2123
2122
2119
2116
2114
2112
2112
2110
2107
2105
2105
2104
2097
2096
2096
2095
2095
2093
2091
2090
2090
2089
2085
2084
2081
2080
2080
2080
2079
2076
2074
2073
2071
2071
2069
2067
2066
2066
2066
2065
2062
2062
2060
2060
2060
2056
2056
2056
2056
2054
2052
2052
2051
2051
2051
2051
2048
2048
2047
2046
2046
2045
2044
2043
2043
2043
2042
2039
2036
2035
2034
2033
2032
2031
2029
2029
2027
2026
2024
2023
2022
2022
2020
2020
2019
2019
2013
2013
2013
2012
2011
2008
2008
2005
2004
2003
1999
1999
1997
1997
1996
1995
1995
1994
1992
1991
1989
1988
1987
1987
1985
1983
1983
1982
1982
1978
1978
1975
1972
1970
1968
1966
1965
1964
1964
1964
1963
1963
1962
1962
1962
1961
1961
1961
1959
1959
1959
1958
1957
1954
1954
1954
1953
1952
1952
1951
1950
1949
1948
1945
1944
1943
1943
1939
1938
1938
1938
1934
1933
1932
1932
1931
1930
1930
1930
1929
1929
1925
1925
1925
1922
1921
1920
1919
1918
1918
1918
1918
1917
1916
1915
1911
1911
1910
1910
1910
1908
1908
1905
1903
1903
1902
1902
1902
1899
1894
1894
1890
1889
1887
1886
1886
1885
1885
1884
1883
1882
1881
1880
1880
1880
1880
1879
1878
1876
1876
1876
1875
1875
1874
1874
1874
1874
1872
1871
1870
1870
1867
1867
1867
1866
1866
1866
1866
1864
1864
1863
1863
1863
1861
1858
1854
1853
1851
1850
1848
1848
1848
1847
1847
1846
1845
1844
1843
1842
1842
1841
1841
1839
1836
1835
1835
1834
1833
1831
1831
1830
1830
1830
1828
1827
1826
1826
1822
1821
1819
1817
1815
1815
1815
1813
1810
1809
1809
1808
1808
1807
1805
1800
1798
1794
1793
1788
1788
1788
1787
1787
1786
1785
1785
1784
1784
1783
1782
1782
1781
1780
1780
1780
1779
1776
1776
1776
1775
1775
1773
1772
1772
1772
1772
1769
1768
1768
1768
1766
1766
1763
1763
1763
1760
1760
1757
1756
1755
1752
1748
1748
1748
1748
1747
1746
1744
1744
1744
1743
1743
1743
1742
1739
1737
1732
1731
1731
1729
1728
1728
1726
1725
1725
1724
1724
1724
1723
1723
1722
1720
1719
1716
1716
1715
1715
1712
1712
1711
1711
1710
1709
1709
1708
1708
1707
1707
1704
1703
1702
1702
1701
1701
1700
1699
1697
1696
1692
1691
1690
1689
1689
1686
1686
1685
1682
1682
1681
1681
1681
1680
1679
1678
1678
1677
1677
1677
1676
1675
1674
1673
1673
1672
1672
1672
1670
1669
1668
1668
1667
1666
1665
1664
1663
1661
1660
1659
1658
1657
1656
1655
1654
1652
1651
1651
1651
1650
1650
1649
1647
1647
1647
1645
1643
1642
1641
1639
1639
1638
1638
1636
1636
1635
1632
1630
1630
1630
1629
1627
1626
1625
1624
1624
1623
1620
1619
1619
1618
1618
1617
1617
1616
1616
1614
1614
1613
1613
1612
1612
1607
1605
1602
1600
1598
1597
1595
1595
1595
1595
1592
1591
1589
1588
1588
1587
1586
1585
1584
1583
1582
1581
1581
1581
1580
1580
1578
1577
1576
1575
1574
1574
1574
1574
1574
1571
1571
1570
1567
1567
1566
1564
1563
1563
1563
1563
1562
1562
1561
1561
1561
1560
1560
1557
1557
1553
1552
1552
1551
1551
1550
1549
1548
1548
1547
1547
1546
1546
1540
1540
1540
1539
1538
1532
1531
1531
1531
1531
1529
1529
1529
1528
1528
1527
1527
1522
1522
1518
1518
1518
1516
1516
1513
1513
1512
1511
1510
1509
1509
1508
1508
1508
1507
1506
1506
1504
1504
1502
1502
1501
1499
1498
1498
1498
1496
1496
1496
1494
1494
1492
1492
1490
1490
1490
1489
1487
1487
1486
1486
1485
1481
1481
1481
1479
1476
1476
1475
1474
1474
1474
1472
1471
1470
1467
1467
1467
1466
1465
1462
1460
1459
1459
1458
1454
1454
1453
1452
1452
1452
1452
1449
1449
1447
1447
1447
1446
1446
1446
1443
1441
1441
1440
1439
1438
1438
1436
1436
1435
1435
1435
1435
1434
1432
1432
1430
1428
1428
1427
1426
1425
1425
1424
1423
1421
1419
1419
1416
1415
1414
1414
1413
1411
1410
1409
1408
1407
1405
1405
1405
1404
1404
1403
1400
1400
1400
1399
1399
1398
1398
1398
1397
1396
1395
1395
1393
1392
1390
1389
1387
1386
1384
1384
1384
1384
1380
1380
1380
1378
1378
1378
1377
1376
1375
1373
1373
1373
1373
1372
1372
1371
1367
1365
1365
1365
1364
1363
1361
1359
1358
1357
1356
1355
1355
1355
1354
1353
1353
1352
1348
1348
1348
1347
1346
1343
1342
1341
1338
1337
1335
1334
1334
1334
1332
1331
1330
1330
1327
1326
1325
1325
1323
1323
1322
1322
1320
1318
1317
1316
1316
1314
1313
1313
1311
1308
1308
1308
1307
1306
1306
1305
1305
1305
1304
1304
1303
1301
1300
1300
1297
1296
1294
1294
1291
1291
1291
1289
1288
1286
1286
1284
1282
1282
1282
1280
1279
1279
1278
1277
1275
1274
1274
1272
1271
1271
1270
1269
1269
1269
1264
1264
1263
1263
1263
1263
1259
1249
1249
1249
1248
1248
1246
1246
1244
1242
1242
1242
1241
1240
1240
1239
1239
1236
1235
1235
1233
1230
1229
1229
1227
1227
1226
1226
1225
1225
1225
1222
1222
1219
1218
1217
1216
1213
1212
1212
1212
1210
1210
1210
1209
1209
1208
1207
1207
1206
1206
1206
1197
1197
1191
1191
1190
1189
1189
1188
1188
1188
1187
1183
1183
1183
1183
1182
1182
1180
1179
1179
1178
1178
1177
1176
1176
1176
1175
1175
1175
1172
1170
1170
1169
1169
1167
1167
1165
1162
1162
1160
1159
1159
1159
1158
1157
1156
1152
1151
1150
1150
1150
1148
1148
1147
1146
1146
1144
1143
1142
1142
1142
1139
1139
1139
1138
1137
1135
1134
1131
1130
1130
1126
1126
1125
1125
1123
1123
1122
1121
1120
1120
1119
1118
1117
1116
1116
1114
1113
1113
1113
1112
1112
1110
1109
1108
1108
1108
1106
1106
1105
1105
1102
1102
1101
1100
1100
1100
1098
1096
1094
1087
1086
1086
1084
1084
1084
1082
1079
1078
1077
1076
1075
1073
1073
1072
1072
1071
1070
1068
1067
1066
1065
1063
1063
1061
1061
1061
1060
1060
1055
1054
1054
1054
1052
1051
1050
1050
1049
1048
1048
1047
1045
1043
1043
1042
1042
1040
1038
1038
1038
1037
1035
1034
1034
1033
1033
1032
1031
1030
1029
1029
1028
1028
1027
1025
1025
1025
1024
1023
1022
1022
1021
1021
1020
1019
1018
1018
1017
1015
1014
1013
1012
1012
1009
1008
1008
1007
1007
1006
1006
1006
1005
1003
1002
1000
999
999
997
996
996
995
993
993
992
991
991
990
989
986
984
984
983
981
980
978
978
977
975
974
974
973
973
970
969
968
964
962
961
959
957
957
956
955
954
954
953
953
953
953
952
951
951
951
947
946
946
945
944
943
942
941
941
940
939
938
937
935
935
935
933
932
932
929
927
926
925
925
924
923
922
922
922
921
921
921
919
918
918
917
917
914
912
909
909
909
908
907
906
906
904
903
902
902
901
901
900
899
899
898
897
895
895
894
893
893
892
889
886
885
882
882
882
881
879
879
877
876
876
874
874
868
868
868
866
863
863
863
863
861
861
861
860
860
857
857
856
856
854
851
851
851
850
850
850
850
849
848
846
845
844
840
840
838
838
837
836
836
834
832
832
831
830
829
829
828
828
827
826
826
824
823
820
819
819
818
816
811
810
810
809
809
809
807
807
806
805
804
804
802
801
799
799
796
795
795
795
794
793
791
789
789
785
785
785
784
784
783
782
782
781
780
779
778
778
776
775
775
772
772
772
771
771
767
767
767
767
766
765
764
764
763
761
761
761
761
760
760
756
756
752
751
751
750
750
750
749
748
747
745
745
744
742
741
739
738
737
734
733
733
732
732
731
730
730
729
728
727
726
725
725
721
721
721
720
719
719
718
714
714
713
712
709
709
706
705
704
703
701
701
700
700
700
700
700
699
699
697
696
696
696
693
692
692
690
688
687
687
686
685
685
685
681
679
678
678
674
673
673
673
671
670
669
669
667
666
665
664
664
662
661
659
659
657
655
655
654
654
653
651
649
647
647
646
646
645
645
644
644
642
641
638
637
636
635
635
635
634
633
633
632
631
629
629
629
629
626
626
626
622
621
620
619
617
616
616
616
616
615
615
615
614
613
613
613
612
611
610
607
606
605
602
602
602
602
601
601
600
598
597
597
595
594
593
592
592
592
590
590
589
589
587
585
585
584
583
583
580
579
576
576
574
573
573
571
570
563
562
562
561
559
559
557
557
556
553
551
549
549
546
546
546
544
544
543
542
539
535
534
534
533
533
531
531
531
530
530
527
527
527
527
525
524
524
524
524
522
522
521
521
521
520
520
519
519
519
518
516
516
515
513
510
509
508
505
505
504
503
502
501
501
499
498
497
497
495
493
493
492
491
491
491
490
489
487
486
486
485
484
482
482
482
482
480
480
479
478
476
474
474
474
473
471
471
470
469
467
465
465
464
463
460
459
455
454
454
452
452
451
451
451
450
450
449
447
445
443
441
439
439
438
436
435
435
433
433
433
431
430
429
429
428
428
428
427
424
423
423
422
422
417
414
413
412
412
406
405
403
402
400
397
397
397
396
395
393
393
391
390
390
390
389
389
389
387
387
387
386
386
383
383
382
380
380
379
374
374
373
373
373
372
371
370
370
369
366
364
364
364
363
363
362
357
357
355
352
349
349
349
347
347
347
345
344
344
344
338
338
337
335
334
334
334
333
331
330
330
329
329
329
328
327
327
326
325
323
323
323
322
318
314
313
311
309
308
307
306
305
305
303
302
300
299
298
298
296
294
293
290
288
287
287
287
284
284
284
282
281
280
278
277
277
276
276
275
275
274
274
272
272
271
271
269
267
265
265
265
264
262
262
262
262
261
261
260
258
258
256
255
254
254
253
253
251
251
250
247
245
243
243
243
242
240
239
237
235
233
233
233
232
230
230
225
225
223
222
221
221
219
218
215
214
212
211
207
205
205
205
204
204
204
202
201
198
198
196
195
194
192
192
191
190
190
190
188
188
184
184
182
181
180
177
177
177
176
176
175
175
174
173
173
173
167
167
166
165
157
154
149
149
149
149
148
148
148
147
144
143
142
139
139
138
138
137
136
136
136
135
133
132
132
132
131
130
130
129
129
128
128
127
127
123
123
121
121
119
118
117
116
115
114
113
112
112
111
110
109
107
107
106
104
104
104
103
102
101
101
101
100
100
99
98
96
96
95
95
95
94
93
92
90
89
89
88
88
84
83
83
83
82
81
80
79
77
77
76
75
73
73
72
71
69
67
67
65
62
62
61
57
53
52
51
50
49
47
46
46
46
45
44
44
44
44
42
39
38
38
36
33
31
31
31
29
27
24
24
22
22
20
19
19
19
18
18
17
17
17
16
16
15
15
14
13
13
11
9
9
9
7
6
6
6
6
6
5
4
4
3
3
3
