16383
16383
16383
16383
16382
16381
16381
16379
16376
16376
16375
16374
16373
16372
16371
16370
16368
16368
16367
16367
16367
16363
16359
16359
16358
16356
16356
16356
16355
16354
16354
16353
16352
16352
16352
16351
16349
16349
16347
16347
16346
16345
16344
16344
16343
16343
16343
16342
16341
16339
16339
16338
16337
16334
16332
16331
16329
16328
16327
16327
16327
16327
16326
16323
16321
16320
16320
16319
16318
16318
16317
16317
16316
16315
16315
16315
16312
16311
16311
16310
16308
16307
16307
16307
16307
16306
16304
16303
16303
16302
16302
16298
16298
16298
16292
16290
16289
16288
16288
16287
16285
16284
16281
16281
16277
16276
16273
16271
16270
16270
16270
16269
16268
16268
16268
16265
16262
16262
16260
16258
16255
16254
16253
16252
16251
16250
16250
16249
16248
16248
16247
16245
16242
16241
16241
16238
16236
16236
16236
16234
16232
16232
16231
16231
16230
16229
16228
16228
16228
16226
16225
16224
16224
16224
16224
16223
16221
16221
16219
16218
16218
16217
16217
16216
16216
16214
16213
16212
16212
16211
16210
16210
16210
16209
16209
16208
16205
16205
16204
16204
16203
16203
16202
16201
16201
16201
16199
16196
16195
16195
16194
16192
16192
16191
16188
16187
16185
16182
16180
16180
16179
16178
16178
16177
16176
16174
16174
16173
16172
16172
16171
16170
16169
16167
16167
16166
16164
16164
16162
16161
16161
16161
16160
16160
16158
16157
16156
16156
16156
16156
16155
16155
16154
16153
16153
16151
16150
16149
16147
16146
16145
16144
16142
16142
16141
16138
16138
16136
16135
16134
16131
16131
16130
16130
16130
16130
16128
16128
16126
16124
16120
16117
16117
16117
16116
16116
16116
16112
16111
16109
16109
16107
16107
16107
16106
16106
16103
16101
16101
16098
16094
16087
16086
16085
16080
16079
16078
16078
16077
16076
16075
16075
16073
16072
16072
16072
16072
16072
16071
16071
16070
16070
16069
16069
16068
16068
16067
16066
16064
16063
16062
16061
16059
16057
16056
16056
16056
16055
16055
16054
16053
16053
16050
16050
16049
16049
16049
16048
16045
16043
16042
16042
16039
16037
16037
16036
16035
16030
16027
16027
16027
16026
16025
16024
16020
16020
16016
16016
16016
16015
16013
16011
16010
16009
16008
16007
16006
16004
16003
16002
16002
16002
16001
15999
15995
15994
15994
15994
15993
15992
15992
15992
15991
15989
15988
15988
15987
15987
15985
15985
15984
15982
15980
15979
15977
15977
15973
15967
15965
15964
15964
15961
15961
15958
15958
15956
15954
15953
15953
15952
15950
15950
15947
15947
15946
15946
15945
15945
15944
15943
15942
15942
15942
15941
15940
15937
15936
15934
15933
15932
15932
15928
15927
15927
15926
15926
15926
15925
15923
15923
15922
15921
15921
15919
15918
15917
15917
15916
15915
15914
15911
15909
15909
15908
15907
15906
15906
15906
15906
15903
15902
15900
15900
15900
15899
15899
15897
15896
15896
15895
15894
15893
15892
15892
15891
15890
15889
15889
15887
15886
15886
15886
15886
15883
15883
15883
15880
15880
15878
15877
15877
15876
15876
15873
15873
15871
15871
15870
15870
15866
15866
15865
15865
15863
15862
15860
15859
15858
15857
15856
15854
15853
15851
15851
15849
15848
15847
15846
15846
15845
15844
15844
15844
15841
15840
15840
15838
15837
15837
15836
15836
15835
15835
15835
15833
15831
15829
15829
15829
15828
15826
15826
15825
15824
15823
15823
15822
15820
15820
15819
15819
15819
15818
15818
15818
15817
15817
15816
15815
15815
15814
15813
15812
15811
15810
15808
15808
15808
15808
15807
15806
15805
15805
15804
15803
15803
15803
15803
15803
15802
15801
15801
15800
15799
15798
15798
15797
15797
15797
15795
15795
15795
15794
15793
15791
15791
15790
15789
15788
15788
15787
15786
15786
15784
15784
15783
15782
15780
15780
15780
15779
15779
15779
15777
15777
15776
15776
15775
15774
15774
15774
15774
15773
15770
15770
15768
15768
15767
15766
15763
15762
15762
15761
15761
15758
15758
15757
15756
15754
15753
15752
15751
15750
15750
15750
15750
15748
15748
15748
15747
15745
15744
15742
15740
15740
15736
15736
15735
15735
15734
15733
15732
15731
15731
15727
15726
15724
15723
15722
15722
15721
15721
15720
15720
15719
15716
15715
15715
15714
15713
15712
15711
15711
15710
15709
15704
15702
15699
15699
15698
15698
15698
15696
15695
15694
15693
15693
15689
15688
15686
15686
15685
15684
15684
15683
15682
15682
15682
15681
15680
15680
15680
15678
15678
15677
15676
15676
15676
15675
15675
15673
15673
15673
15671
15670
15666
15665
15664
15664
15661
15659
15659
15658
15656
15656
15655
15655
15654
15653
15653
15652
15651
15651
15650
15649
15648
15647
15647
15646
15646
15645
15645
15645
15643
15643
15642
15642
15642
15641
15640
15640
15640
15639
15637
15637
15636
15636
15636
15635
15635
15632
15632
15632
15631
15629
15627
15626
15624
15623
15622
15620
15618
15617
15615
15613
15612
15611
15611
15610
15610
15609
15607
15607
15607
15606
15605
15605
15603
15601
15601
15601
15600
15597
15597
15597
15595
15595
15594
15593
15591
15590
15589
15589
15588
15588
15586
15586
15585
15585
15584
15584
15581
15581
15580
15577
15576
15575
15575
15575
15574
15574
15574
15571
15569
15569
15568
15568
15568
15568
15567
15566
15565
15564
15562
15561
15558
15557
15557
15556
15556
15556
15555
15554
15553
15553
15551
15549
15549
15545
15544
15544
15544
15540
15540
15538
15538
15537
15537
15536
15535
15534
15534
15534
15531
15531
15530
15529
15527
15527
15527
15526
15525
15525
15525
15525
15524
15523
15520
15520
15519
15517
15517
15516
15516
15515
15515
15515
15514
15512
15512
15511
15510
15509
15507
15506
15504
15503
15501
15500
15500
15499
15499
15499
15499
15498
15498
15497
15496
15496
15495
15493
15491
15491
15490
15490
15490
15487
15484
15483
15479
15478
15477
15475
15474
15474
15473
15473
15472
15472
15471
15471
15471
15471
15470
15470
15469
15469
15467
15466
15466
15464
15464
15463
15463
15461
15461
15460
15460
15459
15458
15457
15457
15456
15456
15456
15449
15447
15446
15445
15445
15443
15443
15443
15437
15435
15434
15434
15434
15432
15432
15430
15429
15429
15427
15427
15426
15426
15425
15425
15423
15423
15421
15421
15420
15420
15419
15418
15418
15417
15417
15415
15414
15413
15412
15412
15411
15410
15409
15408
15408
15406
15406
15405
15404
15404
15402
15401
15400
15399
15398
15397
15396
15396
15394
15392
15392
15392
15392
15389
15388
15387
15386
15386
15384
15384
15384
15384
15380
15380
15380
15380
15379
15379
15378
15378
15377
15376
15375
15375
15374
15374
15373
15373
15372
15368
15368
15366
15366
15364
15364
15363
15362
15362
15360
15359
15359
15359
15357
15356
15356
15356
15354
15354
15353
15353
15352
15351
15350
15349
15349
15348
15348
15348
15347
15345
15345
15344
15344
15344
15343
15342
15341
15339
15339
15339
15338
15338
15338
15335
15335
15334
15332
15332
15331
15326
15325
15324
15323
15321
15319
15319
15316
15314
15313
15310
15310
15307
15306
15306
15303
15302
15302
15299
15299
15297
15296
15296
15295
15295
15295
15295
15295
15291
15291
15290
15290
15290
15290
15289
15285
15285
15283
15282
15281
15281
15280
15280
15280
15279
15277
15274
15273
15272
15272
15271
15271
15270
15270
15270
15269
15267
15265
15264
15264
15263
15263
15262
15261
15260
15257
15257
15256
15254
15254
15252
15252
15250
15249
15249
15249
15249
15248
15247
15247
15247
15247
15244
15242
15242
15240
15239
15238
15238
15236
15236
15236
15234
15234
15233
15232
15230
15227
15226
15225
15223
15223
15222
15222
15220
15220
15218
15217
15217
15216
15216
15213
15213
15212
15210
15208
15207
15207
15205
15205
15204
15202
15200
15198
15195
15194
15193
15193
15193
15192
15190
15190
15189
15188
15187
15186
15185
15185
15185
15185
15185
15185
15183
15182
15181
15179
15179
15177
15177
15176
15175
15173
15173
15171
15171
15171
15171
15169
15164
15163
15162
15162
15161
15160
15160
15159
15159
15159
15159
15158
15158
15152
15152
15151
15151
15151
15151
15151
15148
15148
15148
15145
15142
15142
15141
15139
15137
15137
15136
15135
15134
15134
15134
15130
15127
15127
15126
15126
15126
15125
15124
15123
15122
15119
15117
15117
15116
15116
15115
15114
15114
15114
15111
15111
15109
15108
15107
15106
15105
15103
15103
15101
15100
15098
15098
15095
15094
15093
15092
15091
15091
15090
15090
15089
15089
15088
15088
15087
15086
15085
15082
15081
15080
15079
15079
15078
15076
15072
15072
15069
15069
15068
15066
15066
15066
15065
15064
15062
15062
15062
15061
15061
15057
15056
15055
15054
15053
15052
15052
15050
15050
15047
15046
15046
15044
15043
15041
15041
15039
15038
15038
15038
15037
15036
15036
15036
15035
15035
15032
15031
15030
15026
15025
15021
15020
15020
15020
15019
15018
15017
15014
15014
15014
15013
15013
15013
15011
15010
15009
15007
15001
14999
14995
14995
14995
14994
14994
14992
14991
14991
14990
14989
14989
14988
14987
14986
14986
14986
14985
14985
14984
14982
14982
14981
14980
14979
14978
14977
14977
14976
14976
14976
14975
14975
14973
14973
14973
14970
14970
14970
14968
14967
14967
14965
14965
14965
14965
14964
14960
14959
14955
14955
14954
14954
14953
14949
14949
14948
14947
14947
14945
14945
14945
14944
14944
14942
14941
14941
14938
14937
14937
14936
14936
14935
14935
14934
14932
14932
14932
14932
14931
14931
14931
14930
14929
14929
14927
14927
14925
14924
14921
14920
14919
14919
14917
14917
14917
14913
14913
14912
14912
14911
14911
14911
14910
14910
14910
14909
14908
14904
14903
14899
14898
14896
14895
14895
14894
14894
14892
14890
14889
14888
14887
14886
14886
14886
14885
14884
14882
14879
14878
14878
14876
14875
14873
14870
14868
14868
14867
14867
14866
14864
14863
14863
14863
14863
14862
14860
14859
14859
14859
14858
14858
14857
14857
14855
14854
14854
14853
14850
14850
14849
14847
14846
14846
14844
14843
14843
14842
14842
14842
14841
14840
14840
14839
14839
14839
14837
14836
14835
14833
14833
14832
14829
14829
14828
14827
14827
14825
14825
14823
14821
14821
14820
14820
14819
14816
14816
14814
14814
14812
14811
14811
14807
14807
14806
14803
14803
14800
14798
14796
14796
14795
14794
14792
14791
14791
14791
14790
14789
14788
14788
14787
14787
14786
14784
14784
14781
14778
14774
14773
14773
14772
14772
14771
14770
14770
14768
14765
14765
14765
14764
14763
14762
14759
14759
14757
14750
14748
14748
14747
14747
14746
14745
14745
14744
14741
14741
14741
14741
14740
14739
14739
14739
14738
14737
14737
14736
14736
14733
14733
14732
14730
14730
14729
14729
14729
14728
14728
14727
14727
14726
14719
14718
14715
14714
14714
14714
14714
14714
14713
14713
14712
14712
14711
14710
14710
14708
14707
14707
14706
14706
14705
14705
14703
14703
14703
14703
14702
14701
14700
14700
14699
14699
14698
14698
14697
14697
14697
14696
14696
14696
14695
14694
14694
14693
14692
14690
14690
14689
14688
14687
14686
14685
14683
14681
14681
14681
14681
14678
14677
14676
14674
14674
14674
14672
14671
14668
14668
14667
14666
14666
14666
14665
14664
14662
14662
14661
14658
14658
14657
14657
14657
14654
14654
14653
14652
14651
14651
14650
14650
14644
14644
14642
14641
14641
14639
14639
14637
14635
14633
14633
14633
14633
14631
14631
14628
14627
14627
14625
14625
14624
14622
14622
14621
14621
14620
14616
14614
14613
14613
14612
14612
14612
14611
14608
14607
14606
14605
14605
14604
14602
14602
14602
14601
14601
14598
14598
14597
14597
14591
14590
14588
14587
14585
14580
14579
14578
14576
14575
14574
14573
14573
14573
14573
14572
14572
14571
14571
14571
14567
14566
14561
14561
14558
14558
14557
14557
14555
14555
14554
14553
14553
14552
14551
14550
14549
14549
14547
14547
14546
14543
14542
14541
14540
14539
14539
14538
14537
14536
14536
14535
14534
14534
14533
14533
14533
14533
14532
14531
14530
14530
14529
14529
14529
14528
14528
14527
14525
14523
14521
14518
14516
14516
14515
14515
14514
14513
14513
14512
14508
14507
14503
14503
14503
14501
14501
14501
14501
14501
14500
14499
14499
14499
14499
14498
14498
14496
14493
14491
14491
14491
14490
14489
14488
14487
14486
14486
14485
14485
14483
14480
14479
14476
14476
14476
14475
14475
14473
14473
14472
14471
14470
14470
14470
14469
14469
14467
14467
14466
14465
14465
14462
14460
14460
14460
14458
14456
14456
14455
14453
14452
14452
14452
14451
14451
14451
14451
14450
14449
14449
14444
14443
14439
14437
14437
14436
14435
14433
14433
14433
14432
14430
14429
14429
14428
14428
14426
14424
14424
14424
14424
14423
14422
14422
14422
14420
14419
14418
14418
14418
14418
14416
14416
14415
14414
14411
14411
14408
14406
14406
14406
14405
14404
14404
14403
14403
14401
14400
14399
14396
14396
14392
14392
14392
14391
14391
14390
14390
14389
14389
14389
14388
14388
14386
14385
14385
14385
14383
14381
14380
14379
14379
14377
14377
14373
14373
14372
14370
14369
14367
14367
14366
14364
14363
14360
14360
14360
14359
14358
14358
14357
14357
14357
14356
14355
14351
14349
14348
14347
14347
14347
14347
14347
14342
14339
14339
14338
14337
14335
14335
14335
14334
14333
14328
14325
14322
14322
14322
14320
14320
14320
14319
14319
14318
14316
14314
14312
14311
14310
14310
14308
14308
14307
14307
14303
14303
14301
14299
14299
14296
14294
14293
14293
14293
14293
14292
14291
14289
14289
14289
14288
14288
14288
14288
14286
14284
14283
14278
14276
14275
14273
14271
14270
14270
14270
14269
14268
14268
14267
14267
14266
14266
14266
14266
14264
14262
14260
14260
14259
14257
14256
14255
14254
14254
14253
14251
14251
14251
14250
14249
14248
14247
14246
14241
14241
14240
14239
14238
14237
14236
14233
14233
14231
14230
14229
14229
14228
14228
14227
14226
14223
14222
14222
14222
14222
14222
14220
14220
14220
14218
14218
14216
14216
14215
14215
14214
14214
14214
14213
14213
14213
14210
14207
14206
14206
14206
14203
14202
14202
14202
14202
14201
14200
14200
14197
14196
14195
14195
14194
14192
14190
14188
14188
14187
14187
14186
14185
14183
14182
14182
14182
14180
14180
14179
14179
14178
14178
14178
14177
14174
14174
14173
14172
14169
14168
14168
14165
14165
14162
14162
14161
14159
14158
14155
14155
14155
14155
14152
14151
14151
14150
14150
14150
14149
14149
14148
14148
14147
14146
14146
14144
14144
14139
14138
14137
14136
14136
14134
14134
14133
14132
14130
14130
14129
14129
14129
14127
14127
14125
14124
14120
14120
14119
14117
14116
14115
14114
14114
14113
14112
14112
14111
14111
14110
14110
14109
14109
14109
14108
14108
14106
14105
14105
14104
14101
14101
14100
14100
14096
14095
14095
14093
14092
14091
14091
14091
14090
14089
14088
14088
14086
14086
14084
14083
14082
14079
14078
14078
14077
14076
14076
14074
14074
14074
14074
14073
14072
14071
14071
14071
14068
14067
14065
14065
14064
14063
14063
14061
14061
14060
14059
14058
14057
14057
14055
14054
14052
14052
14051
14051
14049
14049
14048
14048
14046
14044
14044
14042
14042
14040
14038
14037
14037
14036
14036
14035
14034
14030
14027
14026
14024
14023
14021
14015
14015
14011
14011
14010
14010
14008
14008
14008
14008
14008
14007
14005
14005
14002
14002
14002
14001
14001
14000
13999
13998
13998
13998
13997
13997
13995
13995
13995
13992
13992
13991
13991
13989
13988
13988
13988
13987
13984
13984
13984
13984
13982
13981
13980
13980
13978
13978
13977
13974
13974
13973
13973
13969
13968
13967
13966
13966
13965
13964
13963
13960
13959
13959
13958
13957
13955
13954
13954
13953
13953
13950
13950
13947
13946
13946
13943
13941
13941
13939
13937
13936
13935
13933
13931
13931
13928
13927
13925
13925
13924
13924
13921
13919
13919
13918
13918
13918
13916
13916
13915
13915
13913
13911
13910
13910
13908
13907
13906
13906
13900
13899
13898
13896
13896
13896
13895
13892
13891
13890
13889
13889
13888
13887
13887
13887
13887
13885
13885
13885
13885
13883
13882
13882
13881
13880
13878
13878
13878
13876
13876
13873
13873
13872
13871
13870
13870
13868
13868
13868
13867
13867
13864
13864
13862
13860
13859
13858
13858
13857
13857
13854
13854
13854
13854
13853
13853
13853
13853
13851
13849
13849
13847
13844
13844
13843
13841
13838
13836
13834
13834
13833
13831
13831
13831
13830
13830
13829
13829
13829
13828
13826
13825
13824
13824
13822
13821
13820
13820
13819
13818
13818
13817
13817
13816
13816
13816
13816
13816
13815
13812
13812
13812
13810
13810
13809
13807
13807
13806
13806
13805
13805
13802
13802
13802
13801
13800
13800
13796
13795
13794
13794
13793
13792
13792
13791
13789
13787
13786
13786
13786
13784
13782
13782
13781
13780
13780
13779
13778
13778
13777
13774
13773
13770
13769
13768
13767
13766
13766
13765
13765
13762
13761
13761
13758
13758
13758
13757
13757
13756
13756
13755
13754
13753
13752
13752
13751
13750
13747
13747
13747
13744
13743
13742
13741
13740
13739
13736
13735
13735
13734
13733
13732
13732
13731
13729
13726
13724
13724
13723
13722
13721
13721
13721
13721
13721
13719
13718
13716
13714
13714
13714
13713
13713
13712
13712
13711
13711
13711
13708
13707
13706
13706
13705
13705
13702
13702
13702
13701
13697
13696
13696
13695
13692
13692
13692
13691
13691
13690
13689
13688
13687
13686
13685
13683
13682
13680
13679
13678
13678
13676
13675
13673
13672
13671
13666
13665
13665
13663
13663
13659
13657
13655
13653
13652
13652
13652
13650
13650
13649
13648
13646
13645
13644
13644
13644
13640
13639
13635
13635
13634
13634
13633
13633
13633
13632
13631
13630
13630
13628
13627
13625
13624
13624
13624
13621
13620
13617
13617
13617
13614
13614
13614
13614
13613
13613
13612
13612
13611
13610
13609
13609
13608
13605
13604
13604
13602
13602
13602
13602
13600
13597
13596
13596
13596
13595
13591
13591
13590
13589
13587
13584
13584
13584
13582
13582
13581
13581
13580
13580
13579
13579
13578
13577
13576
13575
13569
13568
13567
13566
13566
13566
13565
13564
13564
13563
13562
13562
13561
13560
13560
13559
13559
13558
13557
13556
13555
13553
13551
13550
13550
13549
13548
13548
13547
13545
13543
13543
13543
13543
13543
13541
13540
13536
13535
13535
13534
13534
13533
13532
13528
13528
13527
13525
13524
13523
13523
13523
13523
13523
13522
13522
13522
13522
13522
13521
13519
13519
13518
13516
13516
13515
13514
13513
13512
13512
13511
13511
13510
13510
13508
13504
13498
13496
13496
13495
13495
13494
13493
13493
13491
13490
13490
13489
13488
13487
13486
13485
13485
13485
13483
13483
13482
13480
13478
13478
13478
13478
13476
13473
13472
13471
13470
13470
13469
13467
13466
13464
13464
13464
13461
13457
13456
13456
13455
13455
13455
13454
13454
13453
13450
13450
13448
13448
13447
13446
13446
13445
13445
13443
13440
13439
13437
13435
13435
13434
13434
13433
13431
13425
13424
13423
13422
13420
13420
13417
13416
13415
13414
13413
13413
13413
13412
13410
13409
13409
13408
13406
13406
13403
13403
13398
13398
13397
13396
13396
13393
13393
13391
13388
13386
13385
13383
13383
13382
13382
13382
13381
13381
13380
13379
13379
13378
13376
13375
13375
13374
13374
13374
13373
13372
13372
13372
13371
13371
13371
13370
13369
13368
13367
13365
13365
13363
13363
13363
13362
13362
13361
13359
13359
13359
13358
13355
13354
13354
13353
13352
13348
13348
13346
13344
13340
13339
13339
13335
13334
13334
13334
13332
13331
13329
13329
13328
13327
13327
13326
13325
13325
13325
13325
13323
13321
13320
13318
13318
13318
13317
13316
13316
13315
13315
13314
13313
13313
13309
13307
13306
13306
13303
13301
13301
13297
13297
13294
13293
13292
13290
13289
13289
13287
13285
13285
13283
13282
13282
13281
13279
13279
13278
13276
13276
13276
13275
13275
13275
13273
13272
13271
13271
13270
13267
13265
13265
13265
13262
13262
13260
13260
13260
13259
13258
13257
13257
13256
13256
13255
13255
13254
13252
13251
13251
13250
13249
13248
13247
13244
13243
13243
13243
13242
13242
13242
13242
13241
13239
13236
13235
13233
13231
13231
13231
13230
13230
13230
13229
13228
13228
13228
13226
13226
13226
13226
13224
13224
13223
13222
13216
13215
13214
13211
13209
13207
13206
13205
13204
13204
13201
13197
13196
13196
13192
13191
13191
13191
13188
13186
13186
13185
13185
13182
13182
13180
13180
13175
13174
13173
13173
13173
13170
13169
13168
13167
13166
13166
13165
13165
13163
13162
13162
13161
13160
13160
13159
13158
13155
13154
13154
13152
13151
13151
13151
13149
13149
13148
13148
13147
13145
13144
13142
13142
13141
13140
13140
13136
13136
13133
13133
13133
13131
13129
13128
13128
13128
13128
13127
13126
13125
13124
13122
13121
13121
13120
13118
13117
13116
13115
13115
13114
13114
13110
13107
13102
13102
13101
13100
13100
13099
13099
13096
13096
13096
13095
13094
13093
13091
13091
13091
13090
13088
13088
13088
13086
13086
13086
13086
13086
13085
13084
13084
13084
13083
13081
13078
13075
13074
13073
13072
13072
13072
13071
13071
13070
13070
13067
13065
13065
13064
13063
13063
13062
13061
13057
13056
13055
13053
13052
13052
13050
13049
13048
13048
13048
13048
13048
13046
13046
13044
13043
13042
13041
13040
13039
13037
13037
13036
13036
13032
13031
13031
13030
13030
13029
13028
13028
13028
13027
13026
13025
13025
13024
13024
13024
13022
13019
13018
13016
13010
13010
13008
13008
13005
13003
13003
13002
12999
12998
12997
12997
12995
12995
12995
12993
12992
12991
12989
12987
12987
12986
12985
12984
12983
12981
12981
12980
12979
12979
12979
12976
12975
12974
12974
12972
12972
12971
12970
12970
12969
12966
12966
12964
12963
12963
12962
12961
12961
12959
12958
12957
12957
12956
12955
12954
12954
12953
12953
12953
12952
12952
12952
12951
12951
12950
12950
12948
12947
12946
12943
12943
12943
12943
12942
12940
12937
12937
12936
12934
12933
12931
12931
12930
12928
12928
12928
12927
12927
12926
12926
12923
12923
12922
12922
12922
12921
12917
12916
12916
12914
12912
12912
12908
12908
12907
12906
12903
12900
12900
12899
12898
12898
12895
12894
12894
12894
12894
12892
12888
12887
12887
12886
12886
12885
12885
12884
12884
12883
12881
12881
12879
12879
12879
12877
12877
12877
12877
12876
12874
12873
12873
12873
12872
12871
12870
12868
12867
12866
12866
12865
12865
12864
12864
12864
12864
12861
12861
12860
12860
12860
12859
12857
12855
12855
12854
12854
12853
12852
12849
12848
12846
12842
12840
12840
12840
12839
12835
12835
12833
12832
12832
12830
12830
12828
12826
12824
12824
12823
12819
12819
12819
12818
12818
12817
12816
12814
12813
12809
12809
12809
12808
12807
12804
12803
12802
12802
12801
12801
12799
12799
12798
12798
12797
12796
12796
12792
12791
12791
12790
12789
12789
12789
12786
12786
12786
12785
12783
12782
12782
12781
12779
12779
12778
12778
12778
12776
12775
12775
12774
12773
12773
12770
12770
12768
12767
12762
12761
12761
12760
12760
12758
12756
12755
12754
12752
12752
12749
12749
12749
12747
12746
12744
12743
12743
12743
12742
12742
12741
12740
12739
12739
12738
12737
12735
12734
12733
12730
12729
12729
12728
12726
12725
12724
12722
12722
12721
12721
12720
12720
12720
12720
12720
12719
12719
12718
12717
12717
12715
12713
12713
12712
12712
12712
12709
12709
12709
12708
12706
12706
12706
12704
12704
12703
12703
12702
12701
12699
12696
12695
12694
12693
12692
12691
12690
12689
12688
12688
12686
12684
12683
12683
12682
12682
12682
12681
12681
12680
12677
12677
12675
12673
12672
12672
12672
12671
12670
12669
12668
12668
12667
12665
12664
12663
12663
12660
12659
12659
12658
12656
12655
12655
12653
12652
12650
12649
12649
12648
12648
12647
12647
12645
12644
12643
12641
12640
12639
12638
12637
12636
12636
12635
12634
12633
12632
12630
12630
12630
12629
12629
12629
12629
12628
12627
12626
12626
12623
12622
12621
12620
12620
12618
12617
12617
12617
12617
12616
12616
12614
12613
12613
12612
12612
12611
12611
12611
12610
12610
12609
12608
12606
12606
12605
12604
12604
12603
12603
12603
12602
12601
12600
12600
12599
12599
12597
12596
12595
12594
12594
12593
12593
12592
12591
12590
12589
12589
12588
12587
12585
12585
12584
12583
12583
12583
12583
12582
12582
12582
12582
12580
12579
12578
12578
12577
12576
12576
12575
12575
12573
12573
12573
12570
12569
12568
12568
12563
12562
12560
12558
12558
12556
12555
12555
12552
12551
12550
12548
12546
12544
12544
12542
12542
12541
12541
12540
12539
12538
12538
12536
12534
12533
12532
12532
12531
12530
12528
12525
12525
12525
12523
12522
12520
12520
12519
12517
12514
12513
12512
12510
12509
12509
12508
12508
12508
12508
12507
12507
12507
12506
12506
12506
12505
12505
12505
12505
12504
12504
12504
12503
12502
12501
12500
12498
12493
12492
12492
12491
12491
12490
12488
12487
12487
12486
12485
12484
12482
12482
12481
12478
12478
12473
12470
12470
12469
12467
12465
12465
12465
12462
12462
12462
12461
12461
12460
12460
12458
12457
12454
12453
12452
12449
12447
12446
12445
12444
12440
12439
12439
12438
12436
12436
12436
12434
12434
12433
12433
12433
12432
12431
12431
12431
12430
12429
12429
12427
12426
12425
12424
12424
12422
12422
12420
12418
12418
12417
12415
12414
12413
12413
12413
12412
12411
12409
12408
12407
12406
12406
12405
12405
12404
12404
12402
12402
12401
12400
12400
12399
12399
12398
12398
12396
12392
12391
12390
12388
12388
12388
12386
12385
12384
12384
12381
12381
12380
12380
12377
12377
12376
12376
12375
12375
12375
12374
12373
12370
12368
12367
12363
12362
12361
12361
12361
12360
12360
12357
12357
12356
12355
12355
12354
12353
12352
12346
12342
12342
12342
12341
12341
12340
12339
12339
12335
12335
12335
12334
12332
12332
12331
12327
12326
12326
12325
12325
12322
12322
12321
12319
12318
12318
12316
12314
12313
12312
12311
12311
12311
12310
12309
12307
12305
12303
12301
12301
12300
12300
12297
12296
12296
12296
12292
12292
12291
12291
12290
12287
12285
12284
12283
12282
12280
12279
12276
12275
12274
12272
12270
12267
12265
12264
12264
12263
12261
12261
12260
12260
12258
12258
12257
12257
12257
12256
12256
12256
12253
12253
12251
12251
12250
12250
12249
12247
12247
12247
12246
12245
12242
12242
12242
12241
12240
12238
12237
12237
12236
12235
12235
12232
12231
12231
12230
12230
12230
12229
12228
12227
12227
12226
12225
12224
12223
12223
12222
12222
12221
12220
12220
12219
12216
12216
12216
12216
12215
12214
12213
12213
12212
12209
12206
12205
12203
12203
12203
12202
12202
12202
12200
12199
12198
12198
12198
12198
12196
12190
12189
12189
12188
12185
12182
12182
12182
12182
12182
12181
12179
12178
12175
12174
12171
12171
12169
12168
12167
12165
12163
12162
12160
12157
12156
12155
12155
12155
12155
12151
12150
12150
12150
12149
12149
12148
12145
12145
12144
12144
12143
12143
12141
12139
12134
12133
12133
12133
12131
12129
12128
12128
12127
12125
12125
12123
12123
12121
12121
12119
12118
12117
12116
12115
12114
12113
12112
12112
12111
12108
12107
12105
12105
12102
12099
12098
12098
12097
12096
12093
12092
12092
12087
12086
12084
12082
12082
12077
12073
12073
12069
12067
12066
12064
12064
12063
12063
12061
12061
12059
12056
12055
12055
12054
12053
12052
12050
12050
12049
12048
12048
12047
12047
12047
12043
12043
12043
12040
12039
12037
12034
12034
12033
12032
12031
12030
12030
12030
12029
12029
12029
12028
12028
12026
12026
12025
12024
12023
12022
12021
12021
12020
12020
12019
12018
12017
12014
12013
12012
12012
12010
12008
12006
12006
12004
12004
12003
12003
12001
12001
12000
12000
11999
11998
11997
11992
11991
11989
11988
11988
11988
11983
11983
11982
11981
11981
11978
11978
11978
11977
11977
11977
11976
11975
11973
11973
11973
11973
11972
11972
11971
11969
11969
11966
11965
11964
11964
11964
11964
11963
11963
11962
11960
11959
11959
11959
11958
11958
11957
11957
11955
11952
11951
11950
11950
11948
11946
11945
11945
11944
11942
11941
11939
11937
11937
11937
11936
11936
11936
11935
11935
11935
11934
11933
11931
11931
11930
11930
11929
11928
11925
11924
11922
11916
11915
11913
11909
11908
11908
11907
11907
11905
11905
11905
11905
11905
11904
11903
11903
11902
11902
11902
11902
11901
11901
11899
11898
11898
11897
11897
11897
11897
11894
11894
11893
11893
11893
11892
11890
11890
11890
11890
11889
11889
11884
11884
11884
11881
11880
11879
11877
11876
11876
11875
11875
11872
11871
11869
11868
11868
11867
11866
11865
11864
11863
11861
11860
11859
11859
11858
11858
11856
11855
11854
11853
11853
11853
11852
11852
11852
11852
11851
11849
11849
11849
11848
11848
11847
11847
11846
11845
11843
11842
11842
11841
11839
11839
11838
11838
11838
11836
11836
11836
11835
11834
11834
11833
11833
11832
11831
11831
11831
11830
11827
11826
11825
11824
11823
11822
11821
11820
11819
11819
11818
11817
11816
11816
11813
11813
11809
11808
11806
11804
11803
11803
11802
11801
11801
11801
11798
11798
11797
11797
11796
11795
11793
11793
11793
11791
11790
11789
11789
11789
11787
11787
11785
11783
11780
11780
11780
11778
11776
11776
11775
11775
11774
11774
11772
11770
11765
11764
11760
11760
11758
11758
11757
11756
11755
11754
11754
11754
11753
11753
11752
11751
11750
11749
11749
11748
11747
11745
11745
11744
11743
11743
11741
11741
11739
11738
11736
11735
11733
11733
11732
11731
11730
11729
11729
11727
11723
11722
11722
11721
11721
11720
11719
11719
11717
11716
11715
11714
11714
11713
11712
11712
11710
11710
11709
11708
11708
11707
11706
11705
11705
11704
11704
11704
11703
11702
11702
11700
11700
11699
11699
11698
11698
11697
11697
11695
11693
11692
11688
11686
11685
11685
11684
11684
11681
11680
11680
11678
11677
11677
11676
11676
11676
11674
11674
11674
11673
11673
11672
11672
11669
11669
11667
11664
11662
11661
11660
11659
11659
11659
11659
11656
11656
11655
11652
11650
11648
11648
11648
11648
11647
11646
11645
11645
11645
11644
11642
11642
11641
11640
11640
11639
11636
11635
11634
11633
11633
11633
11632
11632
11630
11630
11629
11628
11624
11623
11622
11622
11622
11621
11617
11614
11613
11613
11609
11608
11608
11606
11606
11602
11601
11600
11600
11599
11599
11597
11596
11594
11593
11592
11591
11590
11590
11589
11589
11587
11585
11583
11582
11582
11582
11581
11581
11580
11579
11579
11578
11577
11577
11577
11577
11576
11575
11572
11571
11570
11569
11569
11569
11569
11567
11565
11563
11560
11559
11559
11559
11558
11556
11556
11556
11555
11553
11551
11549
11548
11548
11548
11546
11545
11542
11541
11540
11539
11538
11537
11537
11532
11532
11532
11532
11531
11529
11528
11528
11528
11527
11526
11526
11524
11524
11524
11523
11522
11517
11517
11516
11515
11515
11515
11511
11510
11509
11507
11507
11506
11505
11503
11503
11498
11496
11495
11495
11495
11495
11493
11491
11490
11490
11490
11490
11490
11489
11489
11489
11488
11486
11485
11484
11484
11483
11482
11481
11481
11481
11480
11480
11479
11478
11478
11477
11474
11474
11473
11470
11470
11470
11469
11467
11466
11466
11466
11465
11465
11465
11464
11464
11462
11462
11459
11459
11456
11455
11454
11453
11451
11451
11450
11450
11449
11449
11448
11447
11446
11444
11443
11443
11443
11440
11440
11440
11439
11438
11438
11437
11434
11433
11432
11431
11431
11430
11429
11428
11428
11424
11424
11424
11422
11422
11421
11420
11419
11418
11416
11416
11415
11414
11412
11410
11409
11409
11408
11408
11408
11407
11406
11405
11403
11402
11402
11400
11399
11398
11398
11394
11394
11393
11393
11390
11389
11388
11388
11387
11387
11385
11385
11384
11383
11383
11382
11382
11381
11378
11378
11377
11376
11375
11374
11373
11373
11371
11371
11370
11368
11366
11366
11365
11364
11363
11361
11360
11359
11357
11357
11357
11356
11356
11355
11354
11353
11352
11352
11352
11351
11351
11350
11349
11349
11349
11348
11348
11348
11346
11344
11344
11343
11343
11342
11342
11342
11340
11339
11337
11336
11335
11333
11333
11333
11332
11332
11332
11331
11331
11329
11328
11328
11327
11326
11326
11326
11324
11319
11318
11316
11315
11315
11314
11314
11313
11313
11312
11310
11310
11308
11305
11304
11304
11304
11303
11300
11300
11299
11299
11296
11296
11293
11292
11292
11292
11291
11291
11290
11288
11288
11288
11287
11287
11284
11284
11283
11283
11282
11282
11281
11277
11275
11273
11273
11271
11271
11270
11270
11269
11267
11267
11267
11263
11262
11261
11261
11260
11260
11259
11259
11258
11255
11254
11253
11251
11250
11249
11248
11246
11246
11245
11244
11243
11242
11242
11240
11240
11239
11239
11238
11237
11237
11237
11235
11234
11233
11232
11231
11229
11228
11228
11228
11225
11224
11224
11223
11222
11221
11219
11219
11217
11215
11214
11213
11213
11213
11213
11211
11209
11208
11206
11206
11205
11203
11201
11201
11201
11198
11196
11196
11195
11194
11193
11191
11190
11189
11187
11187
11183
11181
11181
11181
11181
11180
11180
11178
11176
11174
11174
11174
11173
11172
11172
11172
11172
11171
11171
11171
11168
11168
11167
11167
11166
11166
11163
11163
11161
11160
11160
11159
11158
11158
11156
11155
11154
11154
11153
11152
11151
11151
11150
11149
11149
11147
11147
11146
11144
11143
11143
11142
11142
11141
11141
11141
11140
11139
11139
11138
11137
11133
11133
11132
11129
11128
11128
11126
11124
11124
11124
11123
11117
11117
11116
11116
11116
11115
11115
11114
11113
11106
11104
11104
11103
11102
11101
11101
11101
11100
11099
11097
11096
11096
11096
11095
11095
11093
11093
11093
11092
11090
11088
11088
11088
11087
11087
11086
11086
11086
11086
11086
11084
11082
11082
11082
11082
11080
11080
11080
11080
11079
11079
11078
11078
11075
11074
11068
11063
11062
11062
11061
11059
11059
11057
11057
11056
11054
11050
11049
11049
11048
11047
11044
11041
11040
11039
11035
11035
11034
11032
11031
11030
11030
11030
11028
11027
11026
11026
11026
11026
11023
11023
11022
11019
11019
11018
11018
11017
11014
11014
11013
11013
11010
11009
11006
11006
11006
11006
11005
11004
11004
11004
11003
11001
10999
10998
10998
10997
10997
10994
10993
10992
10992
10991
10989
10988
10985
10985
10985
10984
10983
10983
10982
10982
10982
10981
10980
10978
10977
10976
10976
10975
10975
10974
10972
10972
10969
10969
10967
10967
10967
10965
10964
10961
10960
10958
10958
10957
10956
10955
10953
10952
10950
10949
10949
10947
10947
10946
10945
10945
10945
10945
10944
10943
10942
10941
10940
10940
10940
10940
10939
10938
10938
10936
10934
10933
10933
10932
10932
10931
10929
10929
10929
10928
10927
10926
10925
10924
10924
10924
10923
10922
10921
10921
10919
10919
10918
10914
10912
10909
10909
10908
10908
10907
10906
10903
10902
10902
10901
10900
10899
10898
10898
10898
10897
10897
10897
10895
10894
10893
10893
10892
10892
10892
10892
10892
10890
10886
10885
10885
10884
10883
10883
10882
10882
10881
10880
10880
10880
10880
10879
10879
10879
10878
10877
10876
10876
10876
10873
10872
10871
10870
10870
10869
10869
10868
10868
10867
10864
10860
10859
10857
10857
10852
10851
10851
10851
10850
10849
10846
10845
10845
10844
10843
10842
10842
10837
10836
10835
10834
10834
10830
10829
10829
10829
10828
10827
10826
10824
10824
10823
10823
10822
10822
10817
10816
10815
10815
10815
10811
10811
10811
10809
10808
10807
10806
10805
10804
10802
10801
10801
10801
10800
10800
10800
10798
10797
10796
10795
10792
10790
10789
10788
10787
10787
10787
10785
10785
10783
10783
10782
10782
10782
10782
10781
10779
10778
10777
10777
10777
10775
10773
10773
10771
10771
10771
10770
10770
10770
10769
10769
10767
10767
10767
10766
10765
10765
10764
10764
10763
10763
10763
10763
10762
10762
10762
10759
10759
10758
10757
10757
10756
10756
10755
10755
10753
10753
10748
10748
10747
10747
10747
10747
10745
10744
10743
10743
10742
10741
10738
10738
10736
10736
10733
10732
10732
10729
10729
10728
10726
10725
10725
10725
10725
10724
10722
10721
10721
10720
10718
10718
10718
10718
10718
10717
10717
10715
10711
10710
10708
10707
10707
10706
10704
10703
10703
10703
10703
10703
10702
10701
10700
10698
10697
10696
10695
10695
10695
10695
10693
10690
10688
10685
10683
10683
10683
10682
10682
10681
10679
10678
10676
10676
10675
10675
10675
10673
10672
10672
10671
10670
10669
10669
10667
10665
10664
10663
10661
10659
10659
10656
10656
10655
10655
10654
10654
10654
10653
10653
10652
10652
10652
10651
10650
10648
10647
10647
10646
10645
10644
10643
10642
10640
10639
10639
10637
10637
10636
10635
10633
10630
10630
10629
10629
10627
10627
10627
10626
10626
10625
10625
10622
10621
10621
10620
10620
10619
10618
10618
10617
10614
10614
10613
10613
10612
10612
10612
10611
10610
10610
10609
10607
10607
10607
10606
10605
10603
10602
10601
10600
10599
10597
10595
10594
10594
10594
10593
10592
10591
10591
10591
10590
10590
10589
10589
10588
10586
10581
10581
10578
10577
10577
10576
10576
10573
10572
10572
10572
10572
10571
10569
10568
10567
10566
10566
10566
10566
10565
10565
10564
10562
10561
10561
10561
10561
10559
10559
10558
10556
10556
10555
10554
10554
10553
10553
10550
10550
10549
10548
10548
10548
10546
10543
10542
10541
10540
10540
10539
10539
10536
10534
10534
10533
10533
10532
10530
10529
10529
10526
10526
10525
10524
10523
10522
10522
10521
10520
10519
10519
10510
10509
10508
10506
10506
10505
10505
10504
10504
10503
10501
10500
10499
10497
10496
10495
10495
10495
10495
10491
10488
10487
10485
10485
10485
10484
10482
10482
10482
10480
10479
10478
10476
10475
10472
10472
10471
10471
10470
10467
10464
10463
10462
10462
10462
10461
10460
10460
10460
10459
10458
10458
10456
10455
10453
10452
10451
10450
10450
10450
10450
10449
10448
10448
10447
10444
10443
10441
10440
10440
10439
10439
10439
10438
10436
10435
10435
10434
10434
10431
10431
10430
10429
10425
10425
10424
10424
10422
10422
10421
10417
10416
10415
10414
10413
10411
10410
10409
10405
10404
10403
10403
10402
10402
10402
10401
10398
10396
10396
10396
10395
10394
10392
10390
10390
10388
10387
10387
10386
10384
10384
10384
10382
10382
10382
10382
10382
10379
10379
10378
10377
10376
10376
10374
10373
10371
10371
10371
10371
10368
10368
10364
10363
10363
10363
10362
10360
10359
10359
10358
10358
10357
10356
10356
10354
10351
10350
10350
10345
10344
10344
10343
10343
10343
10340
10340
10339
10337
10337
10334
10333
10333
10333
10333
10331
10331
10330
10330
10329
10329
10328
10328
10328
10327
10327
10326
10326
10325
10325
10324
10324
10324
10322
10321
10319
10319
10319
10318
10317
10317
10316
10315
10312
10312
10312
10312
10307
10307
10306
10306
10306
10306
10306
10305
10304
10302
10302
10302
10300
10299
10299
10298
10297
10296
10296
10291
10290
10289
10288
10287
10286
10283
10282
10282
10282
10280
10280
10280
10279
10277
10276
10274
10274
10272
10271
10271
10270
10270
10270
10269
10268
10268
10266
10266
10261
10260
10259
10258
10257
10256
10254
10252
10252
10252
10252
10251
10251
10251
10251
10250
10249
10248
10248
10247
10247
10246
10246
10244
10243
10243
10243
10240
10239
10239
10239
10238
10235
10235
10234
10234
10233
10233
10230
10229
10229
10229
10228
10227
10227
10227
10225
10225
10224
10223
10222
10222
10221
10221
10219
10217
10216
10216
10216
10215
10214
10214
10213
10213
10212
10210
10210
10209
10207
10207
10207
10206
10206
10205
10204
10204
10203
10201
10201
10200
10200
10199
10199
10199
10198
10197
10196
10195
10195
10194
10192
10192
10191
10190
10190
10189
10188
10186
10184
10183
10183
10182
10182
10182
10180
10180
10179
10179
10178
10177
10177
10177
10174
10174
10174
10171
10170
10169
10167
10166
10165
10164
10163
10162
10162
10161
10159
10159
10157
10157
10156
10156
10154
10153
10152
10151
10149
10147
10147
10145
10145
10144
10141
10141
10140
10140
10139
10138
10137
10137
10137
10135
10135
10134
10132
10132
10128
10128
10127
10125
10125
10122
10122
10122
10120
10118
10117
10115
10115
10114
10113
10113
10112
10112
10112
10112
10112
10111
10110
10110
10108
10107
10106
10105
10105
10104
10104
10104
10103
10099
10097
10096
10096
10094
10093
10093
10092
10092
10091
10091
10090
10088
10088
10087
10084
10083
10083
10082
10082
10082
10081
10080
10079
10079
10077
10077
10077
10076
10075
10075
10074
10074
10070
10070
10069
10068
10068
10067
10067
10067
10066
10066
10064
10064
10064
10063
10062
10061
10059
10059
10058
10048
10048
10046
10045
10045
10044
10044
10044
10041
10040
10036
10035
10035
10035
10033
10033
10033
10032
10031
10031
10030
10029
10026
10025
10025
10024
10023
10023
10022
10021
10020
10019
10017
10016
10015
10015
10015
10013
10011
10011
10011
10009
10008
10008
10005
10004
10004
10002
10002
10001
10000
10000
9997
9997
9992
9992
9992
9991
9991
9991
9989
9987
9987
9986
9986
9984
9984
9984
9981
9979
9978
9977
9977
9974
9973
9971
9971
9970
9969
9969
9968
9968
9967
9967
9966
9965
9965
9964
9964
9962
9961
9961
9960
9959
9959
9959
9958
9956
9954
9954
9954
9953
9953
9953
9952
9952
9951
9951
9951
9950
9950
9949
9948
9947
9943
9943
9941
9941
9938
9937
9936
9936
9936
9936
9935
9930
9929
9928
9927
9926
9926
9925
9923
9921
9921
9921
9921
9920
9919
9918
9917
9917
9917
9915
9914
9911
9910
9909
9907
9907
9906
9906
9905
9904
9904
9903
9903
9903
9902
9899
9898
9898
9898
9897
9897
9897
9889
9889
9889
9888
9888
9887
9887
9887
9887
9886
9884
9883
9881
9880
9878
9877
9877
9876
9876
9876
9876
9875
9874
9871
9870
9870
9869
9868
9866
9863
9862
9862
9862
9861
9860
9859
9858
9858
9858
9858
9858
9856
9856
9854
9854
9852
9850
9849
9848
9848
9848
9847
9846
9846
9843
9843
9843
9842
9842
9841
9841
9841
9840
9839
9838
9836
9836
9835
9834
9833
9832
9831
9831
9830
9829
9829
9829
9828
9826
9826
9824
9824
9823
9823
9821
9819
9818
9817
9816
9816
9811
9807
9806
9805
9804
9802
9801
9797
9797
9797
9795
9793
9792
9790
9789
9789
9789
9788
9786
9786
9785
9780
9779
9779
9778
9778
9778
9777
9777
9777
9776
9776
9775
9775
9774
9774
9772
9772
9770
9769
9769
9767
9766
9764
9762
9760
9759
9758
9757
9757
9757
9756
9755
9755
9754
9753
9751
9751
9750
9750
9749
9748
9748
9747
9746
9746
9745
9745
9744
9742
9741
9741
9740
9739
9738
9737
9737
9736
9735
9735
9734
9733
9732
9731
9731
9731
9730
9730
9730
9730
9728
9726
9725
9724
9724
9723
9722
9722
9722
9721
9719
9718
9715
9715
9713
9712
9710
9710
9708
9706
9705
9704
9704
9703
9703
9702
9698
9698
9697
9697
9697
9696
9695
9694
9693
9692
9692
9689
9689
9688
9686
9685
9684
9683
9683
9683
9682
9681
9681
9679
9678
9677
9677
9675
9674
9672
9671
9669
9668
9668
9667
9664
9662
9659
9658
9658
9657
9657
9656
9654
9653
9653
9652
9651
9651
9651
9650
9647
9646
9646
9646
9645
9645
9645
9644
9644
9644
9643
9642
9642
9639
9638
9638
9637
9630
9628
9628
9627
9627
9627
9625
9623
9623
9618
9617
9617
9616
9615
9615
9614
9614
9612
9609
9609
9608
9607
9605
9605
9605
9605
9604
9604
9602
9601
9600
9600
9599
9598
9597
9597
9597
9596
9596
9593
9593
9592
9591
9589
9589
9589
9587
9587
9586
9585
9584
9583
9581
9581
9580
9578
9578
9577
9574
9574
9573
9571
9571
9571
9570
9568
9568
9565
9563
9563
9561
9559
9558
9556
9555
9555
9553
9553
9553
9548
9544
9544
9541
9541
9541
9540
9540
9539
9539
9539
9538
9538
9536
9534
9534
9532
9532
9532
9531
9531
9530
9525
9524
9523
9521
9520
9519
9519
9519
9518
9514
9513
9512
9510
9510
9510
9510
9507
9507
9507
9506
9505
9503
9502
9502
9501
9501
9501
9499
9499
9499
9498
9495
9492
9491
9490
9490
9490
9490
9488
9486
9485
9483
9483
9483
9482
9481
9480
9480
9479
9478
9478
9474
9473
9473
9472
9472
9472
9469
9468
9467
9467
9466
9466
9464
9464
9464
9464
9463
9463
9460
9458
9457
9457
9456
9455
9454
9453
9453
9452
9452
9448
9445
9444
9444
9444
9443
9443
9442
9441
9441
9441
9441
9438
9438
9438
9437
9435
9433
9432
9432
9430
9430
9429
9428
9428
9425
9425
9425
9422
9422
9420
9419
9414
9414
9413
9410
9410
9409
9407
9406
9406
9405
9405
9405
9404
9404
9401
9399
9399
9397
9396
9393
9392
9392
9391
9390
9390
9389
9389
9387
9386
9383
9383
9382
9378
9377
9374
9374
9373
9372
9371
9371
9370
9369
9369
9366
9365
9364
9362
9361
9361
9361
9360
9359
9359
9359
9358
9358
9357
9354
9354
9352
9352
9351
9350
9350
9349
9349
9348
9347
9346
9345
9342
9342
9342
9341
9341
9340
9340
9339
9339
9339
9338
9338
9336
9335
9335
9332
9330
9330
9329
9328
9327
9326
9324
9323
9323
9322
9321
9317
9317
9316
9316
9316
9315
9313
9313
9311
9310
9304
9303
9302
9302
9301
9300
9300
9297
9297
9297
9296
9295
9295
9294
9294
9293
9292
9292
9288
9288
9287
9286
9284
9283
9282
9281
9280
9279
9278
9278
9277
9274
9274
9272
9272
9271
9270
9268
9268
9268
9267
9267
9264
9264
9263
9261
9260
9260
9259
9259
9258
9258
9256
9255
9253
9253
9253
9252
9251
9251
9250
9249
9249
9248
9247
9247
9247
9245
9245
9243
9243
9241
9240
9239
9239
9239
9238
9236
9236
9235
9234
9234
9233
9232
9230
9229
9229
9228
9228
9227
9223
9222
9220
9220
9220
9219
9217
9217
9216
9215
9215
9213
9213
9210
9208
9208
9207
9206
9206
9205
9204
9204
9203
9201
9201
9200
9200
9199
9197
9196
9192
9189
9189
9189
9186
9183
9183
9183
9182
9180
9178
9176
9175
9175
9174
9173
9172
9170
9170
9170
9169
9169
9168
9167
9167
9167
9167
9166
9165
9165
9164
9164
9163
9163
9162
9162
9161
9160
9159
9159
9157
9157
9156
9156
9155
9155
9154
9154
9152
9150
9150
9149
9149
9149
9148
9145
9141
9141
9140
9139
9139
9139
9138
9136
9136
9135
9130
9127
9127
9126
9124
9124
9123
9122
9121
9121
9120
9119
9119
9119
9117
9115
9113
9112
9111
9111
9109
9108
9108
9106
9105
9104
9104
9103
9103
9103
9103
9102
9102
9098
9097
9097
9096
9095
9094
9093
9093
9092
9092
9091
9091
9086
9084
9084
9082
9082
9080
9080
9079
9078
9078
9077
9076
9075
9074
9074
9074
9074
9073
9072
9071
9070
9069
9069
9068
9067
9067
9063
9062
9062
9062
9061
9061
9060
9060
9059
9059
9057
9056
9056
9055
9054
9053
9053
9052
9052
9052
9051
9050
9049
9049
9049
9048
9047
9046
9044
9043
9041
9041
9040
9036
9036
9036
9035
9033
9032
9029
9028
9027
9027
9024
9023
9022
9021
9021
9020
9020
9018
9017
9017
9017
9016
9015
9013
9013
9012
9011
9011
9009
9008
9007
9006
9005
9002
9001
8999
8997
8997
8997
8996
8996
8996
8995
8994
8993
8992
8991
8991
8991
8989
8989
8988
8987
8986
8986
8984
8984
8983
8983
8982
8982
8979
8979
8978
8977
8976
8976
8975
8974
8973
8971
8968
8965
8965
8964
8964
8961
8960
8959
8959
8959
8958
8957
8957
8957
8957
8956
8954
8954
8953
8952
8952
8951
8951
8950
8948
8948
8948
8947
8946
8944
8943
8941
8940
8938
8938
8936
8935
8935
8934
8933
8928
8928
8926
8921
8920
8918
8917
8916
8913
8912
8912
8911
8911
8910
8909
8907
8906
8906
8905
8904
8901
8901
8901
8900
8900
8900
8899
8899
8898
8898
8897
8897
8896
8896
8896
8896
8895
8894
8893
8893
8893
8893
8891
8888
8887
8886
8886
8886
8882
8881
8880
8878
8877
8877
8876
8876
8875
8873
8873
8872
8872
8872
8871
8870
8870
8869
8868
8867
8866
8866
8865
8865
8862
8862
8861
8859
8859
8858
8858
8856
8856
8856
8856
8855
8854
8853
8851
8850
8849
8847
8846
8846
8845
8844
8842
8840
8839
8837
8837
8837
8836
8834
8832
8832
8831
8830
8825
8823
8823
8823
8821
8820
8818
8811
8809
8806
8805
8804
8801
8798
8796
8796
8796
8796
8795
8795
8795
8795
8794
8793
8793
8792
8792
8792
8791
8790
8789
8787
8787
8786
8784
8784
8784
8783
8783
8782
8779
8779
8778
8776
8774
8773
8772
8771
8770
8769
8768
8765
8764
8764
8761
8760
8759
8757
8756
8756
8755
8754
8754
8752
8752
8750
8748
8747
8746
8745
8745
8743
8741
8741
8741
8739
8739
8736
8734
8733
8732
8731
8730
8729
8729
8725
8724
8724
8723
8723
8722
8722
8718
8717
8714
8713
8711
8709
8709
8709
8706
8706
8706
8706
8706
8705
8704
8703
8702
8701
8701
8701
8700
8699
8699
8699
8697
8697
8696
8695
8694
8693
8691
8690
8688
8687
8686
8686
8686
8682
8682
8681
8680
8679
8679
8678
8678
8677
8677
8677
8676
8676
8675
8674
8670
8669
8669
8667
8665
8665
8665
8664
8663
8661
8658
8658
8657
8657
8656
8655
8653
8653
8651
8651
8650
8650
8650
8649
8649
8648
8648
8648
8647
8647
8646
8645
8645
8645
8642
8642
8641
8641
8640
8640
8639
8639
8638
8637
8635
8635
8634
8634
8633
8632
8631
8631
8630
8630
8630
8629
8629
8628
8627
8626
8626
8625
8625
8625
8623
8623
8623
8621
8621
8620
8619
8618
8613
8612
8610
8609
8609
8608
8607
8606
8606
8601
8601
8593
8590
8590
8590
8587
8587
8586
8586
8585
8584
8584
8583
8582
8580
8579
8579
8578
8577
8577
8577
8576
8575
8574
8574
8571
8570
8569
8569
8568
8568
8567
8566
8563
8563
8562
8560
8560
8559
8558
8555
8555
8555
8554
8554
8553
8551
8546
8544
8543
8542
8541
8541
8541
8540
8539
8536
8536
8534
8533
8533
8532
8532
8531
8530
8530
8529
8527
8527
8526
8524
8522
8521
8518
8517
8517
8514
8512
8509
8508
8506
8505
8503
8502
8501
8499
8498
8498
8497
8496
8496
8494
8492
8492
8491
8489
8486
8486
8486
8485
8485
8485
8483
8482
8482
8481
8480
8478
8478
8477
8476
8476
8476
8474
8474
8473
8472
8471
8471
8471
8471
8471
8470
8467
8466
8466
8465
8465
8463
8461
8458
8457
8457
8456
8452
8450
8446
8444
8444
8441
8439
8436
8433
8431
8430
8429
8428
8428
8427
8426
8424
8423
8423
8421
8418
8418
8417
8417
8416
8416
8415
8415
8415
8413
8413
8413
8413
8411
8410
8409
8407
8407
8405
8405
8404
8403
8403
8403
8402
8400
8400
8399
8398
8398
8396
8395
8393
8392
8392
8391
8390
8390
8389
8388
8387
8387
8387
8386
8386
8385
8384
8382
8381
8380
8379
8377
8377
8377
8373
8373
8373
8373
8371
8370
8368
8367
8365
8364
8364
8363
8363
8362
8361
8359
8358
8358
8357
8355
8354
8354
8351
8349
8349
8347
8345
8344
8344
8343
8343
8342
8341
8340
8339
8339
8339
8338
8337
8335
8335
8335
8334
8333
8331
8330
8329
8324
8323
8321
8318
8315
8314
8311
8308
8308
8307
8306
8306
8305
8304
8304
8304
8303
8300
8300
8299
8299
8299
8299
8299
8298
8296
8296
8296
8295
8295
8292
8291
8289
8288
8284
8284
8284
8283
8283
8282
8281
8280
8279
8279
8277
8277
8275
8274
8272
8271
8269
8261
8261
8260
8259
8259
8259
8256
8256
8254
8253
8252
8252
8251
8251
8249
8248
8246
8245
8243
8242
8239
8239
8239
8238
8237
8236
8235
8235
8234
8232
8231
8229
8229
8229
8228
8227
8226
8223
8223
8219
8219
8219
8218
8217
8217
8217
8215
8215
8213
8212
8209
8209
8209
8209
8207
8206
8205
8205
8205
8204
8203
8202
8202
8201
8201
8200
8199
8198
8197
8197
8195
8195
8194
8193
8192
8191
8190
8190
8188
8187
8187
8183
8181
8176
8176
8175
8175
8175
8174
8174
8174
8173
8172
8171
8171
8171
8170
8170
8169
8169
8168
8167
8167
8165
8165
8164
8164
8164
8163
8161
8160
8157
8157
8156
8155
8154
8153
8152
8151
8151
8150
8150
8148
8146
8146
8145
8145
8144
8143
8142
8141
8141
8140
8139
8138
8134
8134
8134
8133
8133
8132
8130
8130
8127
8127
8127
8126
8125
8124
8123
8122
8121
8120
8120
8118
8117
8117
8116
8115
8112
8111
8109
8109
8109
8108
8108
8107
8107
8106
8106
8106
8105
8105
8104
8104
8104
8104
8099
8099
8098
8097
8096
8093
8092
8090
8090
8089
8088
8085
8085
8084
8084
8084
8084
8080
8080
8077
8077
8076
8075
8070
8067
8067
8066
8065
8064
8063
8062
8062
8061
8060
8059
8059
8057
8055
8054
8054
8052
8052
8052
8051
8051
8050
8049
8049
8041
8041
8040
8040
8036
8035
8035
8034
8033
8033
8030
8030
8029
8028
8028
8027
8026
8025
8023
8022
8022
8021
8021
8020
8019
8016
8016
8016
8015
8012
8012
8011
8011
8011
8011
8010
8008
8007
8007
8005
8005
8004
8004
8003
8003
8002
8001
8001
8000
7999
7999
7996
7996
7995
7994
7993
7993
7988
7988
7986
7986
7985
7985
7984
7979
7978
7978
7974
7973
7972
7971
7971
7968
7967
7966
7965
7964
7963
7963
7963
7961
7961
7959
7957
7957
7956
7956
7956
7955
7955
7954
7954
7953
7952
7952
7951
7950
7949
7949
7947
7947
7946
7945
7941
7938
7936
7934
7933
7933
7931
7929
7929
7929
7928
7928
7927
7926
7926
7924
7924
7923
7922
7922
7921
7918
7918
7916
7915
7915
7915
7911
7910
7909
7909
7907
7905
7903
7902
7900
7900
7899
7898
7898
7896
7895
7894
7892
7890
7890
7889
7888
7887
7887
7886
7884
7884
7884
7883
7882
7882
7882
7880
7880
7880
7879
7876
7874
7874
7874
7873
7872
7872
7872
7872
7871
7870
7867
7867
7866
7866
7865
7865
7863
7862
7861
7858
7857
7857
7856
7854
7854
7853
7850
7850
7848
7848
7846
7845
7844
7843
7843
7840
7839
7837
7837
7836
7836
7836
7835
7835
7834
7832
7830
7829
7827
7827
7826
7823
7823
7822
7822
7820
7820
7815
7815
7814
7814
7813
7813
7813
7812
7810
7810
7810
7804
7803
7803
7802
7801
7800
7799
7799
7799
7797
7794
7794
7793
7793
7791
7791
7791
7791
7791
7791
7789
7788
7788
7785
7785
7784
7782
7781
7780
7777
7777
7776
7775
7775
7775
7775
7774
7773
7772
7771
7767
7767
7766
7765
7762
7762
7760
7760
7759
7759
7759
7758
7756
7755
7754
7753
7753
7752
7750
7750
7749
7748
7745
7745
7742
7742
7741
7738
7737
7737
7737
7737
7736
7735
7734
7733
7733
7731
7730
7728
7727
7724
7724
7723
7723
7722
7721
7721
7719
7718
7718
7718
7717
7716
7715
7715
7714
7713
7713
7713
7712
7712
7710
7710
7709
7707
7706
7704
7704
7703
7703
7702
7702
7701
7700
7700
7699
7698
7696
7696
7696
7694
7693
7693
7692
7691
7690
7689
7687
7687
7687
7686
7685
7685
7685
7684
7684
7684
7683
7683
7682
7681
7680
7678
7677
7677
7676
7674
7674
7672
7672
7672
7671
7671
7670
7669
7669
7668
7667
7666
7664
7664
7664
7663
7663
7663
7663
7662
7662
7660
7660
7659
7659
7658
7656
7653
7652
7651
7651
7650
7648
7647
7645
7645
7644
7642
7640
7640
7639
7639
7637
7636
7634
7633
7632
7631
7631
7631
7631
7631
7629
7628
7626
7626
7626
7624
7624
7622
7622
7621
7620
7619
7617
7614
7613
7613
7612
7610
7605
7604
7604
7603
7603
7602
7597
7595
7592
7591
7591
7590
7588
7588
7588
7587
7584
7583
7582
7582
7581
7580
7580
7579
7578
7576
7575
7575
7574
7573
7573
7573
7572
7572
7571
7569
7568
7565
7564
7564
7561
7560
7558
7557
7556
7555
7554
7552
7551
7551
7551
7549
7549
7547
7546
7544
7544
7544
7542
7542
7542
7542
7541
7541
7540
7539
7539
7538
7537
7536
7536
7535
7533
7531
7531
7531
7530
7529
7529
7529
7529
7527
7527
7527
7527
7526
7524
7523
7522
7522
7520
7520
7518
7517
7517
7517
7516
7516
7514
7512
7512
7511
7511
7510
7510
7509
7508
7506
7504
7503
7502
7501
7501
7499
7498
7497
7497
7494
7493
7493
7492
7492
7491
7488
7486
7486
7484
7483
7482
7480
7480
7479
7479
7479
7479
7479
7478
7478
7478
7476
7476
7473
7473
7473
7473
7471
7469
7468
7468
7468
7468
7467
7466
7465
7464
7462
7462
7459
7458
7454
7453
7452
7452
7449
7449
7447
7447
7447
7443
7439
7439
7439
7433
7432
7432
7431
7431
7429
7429
7428
7428
7427
7426
7425
7425
7424
7424
7423
7422
7421
7420
7420
7419
7418
7418
7418
7418
7416
7415
7415
7415
7415
7412
7410
7409
7409
7408
7406
7404
7400
7399
7399
7399
7396
7393
7392
7391
7390
7388
7388
7387
7386
7379
7379
7379
7378
7376
7376
7375
7375
7374
7372
7371
7370
7369
7369
7367
7366
7366
7366
7365
7364
7363
7362
7361
7361
7360
7360
7359
7357
7356
7356
7355
7355
7355
7354
7353
7353
7350
7348
7347
7346
7346
7341
7341
7340
7340
7338
7338
7337
7337
7337
7336
7332
7331
7329
7326
7326
7326
7324
7323
7322
7322
7321
7318
7318
7318
7317
7316
7315
7315
7314
7314
7313
7313
7311
7310
7309
7309
7308
7308
7308
7305
7304
7302
7301
7301
7300
7299
7297
7296
7296
7296
7295
7294
7288
7287
7286
7285
7283
7282
7281
7280
7279
7279
7276
7275
7274
7274
7274
7272
7272
7271
7269
7268
7266
7264
7264
7264
7263
7263
7263
7263
7262
7258
7257
7256
7256
7256
7254
7253
7252
7251
7251
7250
7245
7244
7243
7243
7240
7239
7239
7239
7238
7236
7235
7235
7233
7232
7232
7231
7229
7228
7227
7225
7224
7224
7224
7222
7221
7220
7219
7218
7218
7217
7217
7215
7213
7212
7212
7211
7211
7209
7207
7205
7205
7203
7202
7199
7197
7196
7195
7195
7194
7193
7193
7193
7191
7190
7190
7189
7187
7186
7186
7184
7184
7182
7180
7180
7180
7178
7178
7177
7175
7174
7173
7172
7172
7170
7169
7169
7168
7168
7166
7164
7164
7163
7163
7162
7162
7161
7160
7159
7159
7156
7155
7154
7153
7153
7152
7151
7151
7151
7150
7149
7148
7146
7146
7146
7146
7144
7144
7143
7141
7141
7140
7139
7136
7136
7135
7133
7132
7132
7130
7129
7128
7128
7128
7125
7119
7116
7116
7115
7114
7113
7113
7112
7110
7109
7107
7105
7105
7104
7103
7101
7101
7100
7100
7099
7098
7097
7093
7093
7092
7091
7090
7090
7088
7088
7085
7084
7084
7080
7080
7079
7078
7077
7076
7076
7076
7076
7075
7075
7074
7073
7072
7071
7070
7070
7069
7069
7069
7068
7067
7067
7066
7066
7066
7065
7064
7061
7061
7058
7055
7055
7055
7054
7052
7051
7050
7049
7048
7048
7048
7048
7047
7046
7046
7045
7043
7042
7042
7042
7041
7041
7041
7037
7037
7036
7030
7030
7030
7029
7029
7029
7026
7025
7025
7024
7023
7019
7017
7016
7016
7016
7015
7015
7012
7012
7011
7010
7010
7009
7008
7008
7007
7003
6999
6999
6997
6996
6996
6995
6992
6990
6988
6988
6988
6987
6985
6985
6984
6984
6983
6981
6980
6980
6978
6978
6977
6975
6970
6970
6970
6969
6969
6969
6968
6968
6968
6966
6966
6964
6960
6957
6957
6957
6957
6956
6956
6954
6951
6951
6950
6950
6950
6949
6947
6947
6946
6945
6944
6944
6944
6943
6942
6942
6941
6940
6939
6938
6938
6937
6937
6937
6936
6936
6935
6935
6934
6934
6933
6932
6932
6931
6931
6931
6930
6928
6927
6927
6927
6924
6923
6923
6921
6920
6917
6912
6911
6908
6907
6905
6905
6905
6904
6903
6903
6903
6902
6898
6898
6896
6896
6894
6894
6891
6890
6887
6886
6884
6882
6881
6880
6879
6879
6878
6877
6876
6875
6874
6874
6873
6873
6872
6872
6871
6869
6869
6868
6868
6865
6864
6864
6862
6862
6861
6860
6860
6859
6858
6857
6854
6854
6853
6852
6851
6849
6848
6848
6848
6846
6845
6844
6844
6841
6840
6840
6838
6837
6836
6836
6835
6834
6833
6833
6832
6830
6828
6827
6826
6825
6825
6824
6823
6822
6822
6821
6821
6820
6819
6816
6815
6815
6812
6812
6811
6809
6808
6807
6806
6805
6805
6803
6802
6801
6800
6800
6798
6798
6794
6793
6792
6791
6790
6789
6789
6788
6788
6787
6787
6787
6787
6787
6786
6786
6786
6785
6784
6784
6783
6783
6781
6781
6781
6779
6777
6777
6777
6777
6775
6774
6774
6769
6769
6768
6767
6765
6763
6762
6762
6761
6759
6759
6759
6758
6757
6756
6753
6753
6752
6751
6751
6751
6749
6748
6746
6746
6746
6745
6745
6744
6743
6741
6740
6740
6738
6737
6737
6733
6731
6731
6730
6729
6728
6726
6725
6725
6725
6723
6722
6722
6721
6721
6721
6721
6718
6717
6717
6716
6715
6715
6714
6714
6713
6712
6710
6707
6705
6704
6702
6698
6697
6695
6695
6694
6694
6692
6692
6690
6690
6689
6688
6688
6687
6687
6687
6682
6682
6681
6680
6680
6680
6679
6677
6676
6675
6673
6673
6671
6671
6670
6669
6665
6665
6664
6663
6662
6661
6661
6658
6658
6657
6652
6651
6648
6648
6647
6645
6644
6643
6643
6643
6643
6643
6640
6640
6639
6638
6637
6636
6636
6633
6633
6632
6632
6629
6628
6628
6628
6626
6625
6625
6625
6624
6624
6624
6624
6623
6622
6621
6621
6621
6620
6620
6620
6620
6619
6618
6618
6617
6617
6616
6615
6614
6612
6612
6610
6610
6608
6603
6603
6603
6600
6598
6598
6597
6596
6596
6594
6593
6592
6590
6590
6590
6590
6589
6589
6588
6586
6586
6586
6584
6583
6583
6583
6582
6580
6578
6576
6576
6576
6575
6574
6572
6571
6570
6570
6568
6567
6567
6567
6564
6564
6563
6561
6561
6558
6558
6557
6557
6554
6554
6553
6552
6552
6545
6545
6542
6541
6541
6541
6540
6540
6540
6539
6538
6534
6533
6533
6532
6531
6531
6530
6529
6528
6525
6525
6523
6523
6522
6521
6521
6519
6518
6517
6516
6515
6514
6513
6513
6513
6513
6512
6508
6508
6507
6507
6506
6503
6502
6502
6502
6501
6500
6498
6498
6498
6498
6497
6496
6495
6494
6493
6493
6493
6493
6492
6488
6488
6488
6483
6483
6483
6480
6479
6477
6475
6474
6472
6471
6470
6470
6470
6470
6469
6469
6466
6466
6466
6466
6463
6463
6463
6462
6462
6459
6455
6454
6451
6451
6450
6449
6448
6447
6446
6445
6444
6442
6442
6440
6437
6437
6436
6430
6430
6429
6428
6428
6426
6424
6423
6423
6417
6417
6414
6414
6413
6413
6412
6411
6408
6406
6406
6405
6405
6405
6405
6404
6404
6402
6402
6401
6401
6401
6399
6396
6396
6396
6395
6394
6392
6391
6389
6388
6388
6388
6387
6384
6384
6383
6382
6381
6380
6376
6375
6375
6375
6375
6373
6372
6372
6370
6370
6369
6369
6369
6366
6363
6363
6362
6362
6361
6361
6360
6360
6360
6359
6358
6357
6356
6355
6355
6355
6354
6350
6348
6348
6345
6343
6342
6342
6340
6340
6335
6334
6334
6334
6334
6333
6332
6331
6330
6329
6326
6324
6321
6319
6317
6316
6316
6315
6314
6313
6313
6313
6312
6311
6309
6309
6309
6308
6308
6308
6306
6306
6306
6305
6304
6304
6302
6301
6301
6301
6300
6299
6298
6298
6298
6296
6294
6294
6294
6294
6293
6293
6291
6291
6290
6289
6288
6286
6285
6285
6285
6282
6279
6279
6277
6275
6275
6274
6271
6268
6268
6265
6263
6263
6262
6260
6260
6259
6257
6253
6252
6252
6248
6248
6247
6247
6245
6245
6244
6244
6242
6242
6241
6241
6240
6239
6238
6237
6236
6234
6233
6232
6232
6231
6230
6226
6225
6224
6223
6222
6219
6218
6216
6216
6216
6214
6213
6213
6212
6211
6209
6209
6208
6207
6207
6206
6205
6204
6202
6201
6198
6194
6194
6193
6192
6191
6191
6191
6189
6187
6187
6186
6184
6184
6183
6183
6183
6183
6182
6182
6181
6179
6176
6176
6174
6174
6174
6174
6172
6171
6171
6165
6164
6163
6163
6163
6162
6162
6160
6159
6158
6157
6156
6154
6154
6154
6152
6151
6151
6151
6151
6151
6149
6149
6148
6147
6147
6147
6146
6146
6145
6144
6142
6142
6141
6137
6137
6136
6135
6134
6134
6133
6129
6126
6126
6126
6123
6120
6118
6117
6116
6115
6114
6114
6111
6111
6110
6110
6109
6106
6106
6104
6101
6101
6100
6099
6099
6099
6097
6096
6096
6095
6095
6094
6094
6093
6092
6092
6088
6087
6086
6083
6081
6077
6076
6076
6075
6074
6073
6072
6070
6069
6067
6066
6063
6063
6063
6061
6060
6060
6060
6059
6059
6059
6057
6057
6054
6054
6053
6051
6051
6049
6049
6048
6047
6046
6043
6043
6042
6041
6041
6040
6040
6040
6037
6035
6033
6033
6032
6032
6029
6029
6029
6029
6029
6026
6026
6022
6022
6021
6017
6015
6014
6014
6010
6010
6006
6005
6003
6003
6000
6000
5997
5997
5996
5995
5993
5992
5992
5991
5991
5990
5990
5989
5989
5988
5987
5984
5984
5982
5982
5982
5982
5980
5980
5979
5978
5978
5975
5975
5974
5972
5972
5971
5971
5969
5968
5968
5967
5966
5960
5960
5959
5959
5958
5956
5956
5953
5953
5952
5949
5947
5947
5945
5945
5944
5938
5938
5936
5935
5935
5935
5935
5935
5934
5933
5932
5931
5931
5930
5929
5928
5928
5924
5924
5922
5922
5921
5921
5919
5918
5916
5916
5915
5914
5914
5913
5910
5910
5908
5908
5905
5904
5904
5904
5903
5902
5902
5902
5900
5899
5897
5897
5896
5893
5892
5892
5891
5891
5890
5890
5890
5889
5885
5883
5883
5882
5881
5879
5877
5875
5873
5871
5869
5865
5864
5862
5861
5860
5857
5855
5853
5853
5853
5853
5852
5849
5848
5847
5847
5847
5845
5845
5844
5844
5842
5841
5840
5838
5837
5836
5835
5833
5831
5829
5829
5827
5826
5824
5823
5823
5822
5821
5820
5820
5820
5818
5817
5816
5816
5816
5815
5815
5814
5812
5811
5810
5809
5809
5808
5807
5807
5804
5800
5799
5799
5798
5798
5797
5795
5795
5795
5793
5792
5792
5791
5789
5787
5786
5785
5785
5784
5783
5782
5782
5781
5780
5780
5780
5779
5779
5777
5777
5776
5775
5774
5773
5770
5770
5770
5769
5767
5766
5761
5761
5760
5760
5759
5759
5758
5757
5756
5756
5753
5753
5752
5750
5750
5750
5748
5747
5743
5742
5742
5742
5740
5739
5738
5738
5737
5736
5736
5736
5735
5734
5733
5731
5731
5731
5730
5730
5728
5727
5725
5724
5724
5723
5721
5721
5720
5718
5716
5715
5714
5711
5710
5709
5708
5705
5702
5699
5698
5696
5696
5695
5694
5694
5693
5693
5693
5692
5691
5691
5690
5690
5687
5686
5684
5684
5684
5683
5682
5681
5678
5677
5677
5677
5677
5675
5675
5670
5667
5667
5665
5664
5662
5662
5661
5660
5658
5658
5657
5656
5656
5655
5654
5651
5651
5651
5649
5649
5649
5648
5647
5647
5646
5645
5645
5645
5644
5642
5642
5641
5641
5641
5640
5636
5636
5632
5630
5630
5630
5629
5626
5625
5625
5625
5623
5623
5622
5621
5621
5620
5619
5618
5617
5617
5615
5614
5611
5610
5609
5607
5606
5604
5603
5602
5601
5598
5598
5595
5593
5592
5592
5590
5590
5590
5589
5589
5586
5585
5583
5581
5580
5576
5575
5575
5574
5574
5573
5572
5571
5570
5569
5569
5568
5568
5566
5565
5563
5561
5561
5559
5559
5558
5558
5556
5554
5554
5551
5550
5546
5546
5546
5544
5543
5539
5539
5538
5537
5536
5535
5533
5533
5531
5529
5529
5528
5528
5527
5525
5525
5524
5521
5521
5519
5519
5519
5517
5516
5515
5515
5514
5514
5512
5511
5511
5511
5509
5506
5506
5505
5504
5504
5504
5504
5503
5502
5500
5500
5499
5499
5496
5495
5494
5490
5489
5489
5489
5487
5486
5485
5485
5485
5484
5483
5482
5481
5479
5478
5477
5475
5475
5475
5474
5473
5473
5472
5472
5471
5469
5466
5465
5465
5465
5464
5463
5463
5463
5462
5462
5461
5460
5459
5458
5458
5457
5456
5455
5453
5453
5453
5452
5450
5449
5448
5447
5445
5445
5441
5441
5441
5441
5440
5440
5438
5436
5434
5433
5433
5433
5433
5433
5432
5432
5432
5432
5431
5430
5428
5426
5425
5424
5421
5421
5418
5417
5417
5415
5412
5411
5409
5407
5407
5405
5404
5403
5403
5402
5400
5400
5400
5399
5399
5398
5398
5397
5395
5395
5393
5392
5391
5389
5388
5386
5386
5384
5384
5383
5382
5382
5381
5380
5377
5377
5375
5372
5370
5370
5369
5367
5366
5364
5364
5363
5362
5362
5361
5360
5358
5357
5356
5355
5354
5354
5353
5353
5351
5349
5349
5348
5348
5347
5347
5346
5346
5345
5345
5345
5344
5344
5338
5337
5337
5336
5330
5330
5330
5328
5328
5328
5327
5327
5324
5324
5320
5320
5320
5319
5318
5318
5317
5316
5316
5314
5313
5313
5312
5309
5308
5308
5307
5304
5304
5302
5302
5302
5302
5301
5301
5299
5298
5297
5296
5295
5295
5294
5294
5293
5291
5291
5290
5289
5288
5285
5284
5284
5283
5283
5283
5282
5280
5280
5279
5278
5276
5276
5275
5271
5271
5270
5268
5268
5267
5264
5264
5263
5262
5260
5259
5259
5259
5258
5256
5256
5254
5254
5253
5252
5251
5251
5249
5248
5246
5245
5245
5245
5244
5242
5240
5240
5240
5239
5239
5238
5238
5238
5237
5234
5233
5232
5232
5231
5230
5230
5226
5222
5222
5221
5219
5218
5217
5217
5216
5215
5215
5213
5211
5210
5209
5209
5208
5204
5203
5202
5202
5202
5201
5201
5201
5200
5195
5194
5192
5190
5189
5189
5188
5186
5186
5186
5186
5185
5185
5184
5184
5184
5183
5183
5181
5181
5181
5181
5180
5178
5175
5174
5174
5173
5171
5170
5170
5169
5167
5166
5164
5164
5162
5162
5160
5158
5158
5157
5154
5153
5152
5151
5149
5148
5147
5145
5145
5144
5144
5144
5144
5144
5143
5143
5143
5143
5143
5142
5141
5140
5139
5138
5133
5130
5130
5130
5129
5128
5128
5125
5125
5124
5124
5123
5121
5119
5119
5117
5117
5117
5116
5116
5116
5113
5113
5112
5112
5111
5110
5110
5109
5109
5108
5106
5104
5104
5104
5101
5099
5098
5093
5090
5090
5090
5088
5088
5087
5087
5086
5085
5084
5083
5079
5078
5077
5076
5076
5075
5074
5073
5072
5070
5066
5066
5064
5064
5061
5061
5061
5060
5059
5058
5056
5054
5054
5054
5051
5049
5048
5047
5046
5046
5046
5045
5044
5043
5043
5043
5042
5041
5041
5040
5039
5039
5037
5033
5031
5030
5029
5029
5028
5028
5027
5024
5023
5021
5021
5020
5015
5015
5014
5012
5011
5009
5008
5007
5006
5006
5005
5005
5005
5004
5002
4999
4998
4998
4991
4991
4990
4985
4983
4982
4979
4979
4978
4978
4978
4978
4977
4976
4973
4973
4972
4971
4969
4968
4968
4967
4967
4966
4966
4966
4964
4962
4962
4962
4960
4960
4957
4955
4955
4955
4955
4953
4952
4951
4950
4950
4949
4949
4946
4946
4942
4942
4941
4941
4940
4937
4935
4935
4935
4934
4933
4932
4932
4931
4931
4930
4929
4929
4929
4927
4926
4926
4926
4925
4925
4923
4919
4918
4916
4915
4914
4912
4907
4906
4905
4905
4904
4903
4903
4901
4900
4900
4898
4898
4897
4896
4896
4896
4895
4892
4892
4891
4891
4889
4884
4883
4882
4880
4880
4879
4879
4876
4876
4875
4874
4872
4869
4868
4868
4867
4864
4863
4860
4858
4856
4854
4853
4852
4851
4850
4850
4849
4848
4847
4847
4845
4843
4840
4836
4835
4834
4834
4833
4832
4831
4830
4830
4828
4828
4827
4823
4821
4820
4820
4819
4817
4813
4810
4808
4807
4807
4807
4806
4806
4806
4804
4803
4803
4802
4801
4801
4800
4800
4799
4797
4797
4797
4795
4795
4793
4790
4790
4789
4789
4787
4786
4786
4786
4786
4785
4784
4783
4783
4782
4782
4780
4779
4779
4779
4778
4776
4775
4775
4775
4772
4771
4771
4771
4771
4770
4767
4766
4766
4765
4764
4764
4763
4762
4762
4761
4759
4758
4757
4753
4752
4749
4747
4747
4746
4745
4745
4744
4744
4743
4742
4741
4739
4738
4732
4732
4732
4729
4729
4729
4727
4724
4724
4723
4723
4722
4722
4720
4718
4718
4717
4715
4712
4712
4712
4711
4711
4711
4711
4710
4709
4709
4708
4707
4707
4705
4704
4703
4702
4702
4701
4701
4699
4698
4696
4695
4694
4693
4693
4692
4691
4689
4688
4687
4685
4685
4685
4685
4682
4680
4678
4678
4675
4675
4674
4674
4673
4672
4672
4670
4666
4665
4663
4662
4661
4659
4658
4657
4656
4654
4653
4650
4650
4649
4649
4646
4646
4643
4642
4641
4640
4640
4639
4638
4636
4635
4634
4630
4630
4630
4630
4630
4629
4628
4628
4627
4627
4627
4626
4626
4625
4625
4625
4624
4624
4623
4623
4623
4622
4620
4619
4617
4617
4615
4613
4611
4611
4610
4609
4609
4606
4604
4603
4603
4602
4602
4602
4601
4599
4599
4598
4598
4596
4595
4589
4587
4586
4586
4585
4585
4585
4585
4583
4582
4582
4581
4579
4578
4577
4577
4575
4572
4568
4567
4566
4565
4564
4564
4563
4561
4560
4559
4559
4557
4557
4556
4554
4554
4552
4552
4552
4551
4551
4550
4550
4549
4548
4545
4541
4537
4537
4537
4536
4536
4535
4534
4533
4531
4530
4528
4527
4525
4524
4522
4521
4520
4519
4518
4517
4515
4514
4514
4512
4512
4511
4509
4508
4508
4507
4505
4503
4502
4502
4500
4499
4497
4496
4495
4494
4493
4492
4492
4490
4490
4489
4488
4486
4485
4485
4484
4483
4481
4481
4478
4478
4477
4477
4476
4475
4474
4473
4472
4470
4470
4469
4469
4467
4467
4466
4466
4466
4466
4465
4462
4462
4461
4461
4460
4460
4459
4457
4457
4457
4455
4454
4452
4449
4446
4446
4446
4445
4443
4441
4439
4438
4438
4437
4435
4434
4434
4433
4433
4433
4432
4430
4429
4428
4423
4423
4422
4421
4421
4420
4419
4417
4416
4416
4414
4413
4413
4413
4412
4412
4406
4402
4402
4401
4400
4399
4399
4399
4398
4392
4392
4392
4391
4390
4390
4389
4388
4387
4386
4386
4385
4385
4383
4382
4382
4381
4380
4378
4378
4376
4375
4374
4373
4372
4370
4370
4369
4368
4368
4366
4366
4364
4364
4362
4362
4361
4360
4357
4357
4356
4356
4356
4355
4354
4354
4354
4351
4350
4350
4350
4350
4350
4348
4347
4347
4346
4345
4345
4344
4344
4343
4343
4340
4339
4338
4338
4338
4337
4335
4331
4331
4331
4330
4330
4329
4326
4325
4323
4322
4322
4322
4321
4319
4318
4317
4317
4316
4315
4314
4314
4313
4313
4311
4309
4307
4306
4305
4303
4303
4301
4298
4298
4296
4296
4295
4295
4295
4292
4290
4290
4289
4289
4288
4288
4287
4284
4284
4284
4283
4281
4280
4280
4277
4277
4277
4276
4273
4273
4271
4268
4267
4266
4265
4265
4264
4264
4263
4263
4263
4262
4262
4260
4260
4258
4258
4258
4256
4256
4255
4254
4254
4253
4253
4252
4249
4247
4247
4246
4244
4244
4240
4240
4239
4238
4238
4236
4235
4233
4233
4233
4232
4230
4224
4223
4223
4223
4223
4223
4222
4220
4219
4219
4218
4217
4216
4214
4214
4213
4213
4212
4212
4211
4211
4211
4210
4210
4210
4209
4203
4202
4202
4201
4200
4200
4198
4197
4197
4197
4196
4195
4195
4194
4193
4192
4189
4182
4181
4180
4180
4179
4178
4178
4176
4176
4176
4174
4173
4172
4171
4170
4167
4167
4166
4166
4165
4165
4164
4161
4160
4159
4158
4158
4153
4152
4150
4146
4145
4144
4143
4142
4141
4141
4140
4139
4138
4138
4137
4137
4135
4133
4133
4132
4132
4131
4129
4128
4126
4125
4125
4125
4125
4125
4122
4122
4121
4121
4121
4120
4119
4119
4118
4118
4117
4115
4115
4112
4110
4108
4108
4107
4107
4107
4105
4104
4104
4104
4103
4103
4103
4103
4102
4100
4100
4099
4096
4096
4093
4092
4092
4091
4091
4091
4087
4087
4083
4082
4080
4080
4079
4078
4078
4078
4077
4077
4076
4076
4075
4075
4073
4072
4071
4070
4070
4070
4065
4064
4064
4064
4062
4062
4062
4060
4058
4058
4057
4057
4056
4056
4055
4054
4053
4053
4053
4052
4050
4050
4050
4048
4048
4048
4048
4046
4046
4044
4042
4041
4041
4039
4038
4038
4037
4034
4033
4029
4029
4026
4024
4023
4023
4022
4020
4019
4019
4017
4016
4014
4012
4012
4012
4012
4011
4010
4009
4009
4009
4008
4007
4005
4000
3999
3999
3996
3994
3994
3994
3993
3992
3991
3991
3990
3989
3989
3987
3986
3986
3985
3984
3984
3981
3980
3980
3979
3979
3979
3979
3978
3978
3978
3977
3977
3976
3975
3974
3974
3972
3972
3972
3971
3971
3971
3970
3970
3967
3967
3966
3966
3966
3962
3961
3959
3958
3957
3957
3955
3954
3953
3953
3953
3951
3948
3948
3947
3946
3946
3944
3943
3943
3942
3940
3938
3937
3936
3936
3934
3933
3933
3931
3931
3931
3931
3931
3930
3929
3926
3925
3925
3925
3925
3923
3921
3917
3915
3915
3914
3912
3908
3908
3907
3907
3906
3904
3904
3901
3901
3900
3898
3898
3896
3895
3891
3890
3889
3888
3887
3887
3887
3884
3884
3883
3880
3879
3879
3878
3877
3877
3874
3872
3871
3871
3871
3871
3870
3870
3869
3868
3867
3867
3866
3864
3863
3862
3860
3860
3860
3860
3859
3859
3857
3857
3855
3855
3854
3853
3853
3853
3853
3852
3851
3851
3847
3846
3842
3841
3841
3841
3841
3840
3840
3840
3839
3838
3838
3836
3835
3834
3834
3833
3833
3832
3831
3829
3828
3828
3827
3827
3826
3826
3825
3824
3824
3823
3823
3821
3821
3820
3819
3817
3817
3817
3816
3816
3816
3815
3815
3813
3811
3811
3811
3811
3810
3810
3808
3806
3806
3805
3803
3801
3801
3798
3798
3797
3797
3796
3794
3794
3794
3794
3793
3793
3789
3789
3788
3788
3788
3785
3785
3784
3783
3782
3781
3781
3781
3778
3778
3777
3776
3776
3775
3773
3772
3771
3771
3770
3769
3769
3768
3766
3764
3764
3763
3763
3763
3761
3761
3761
3761
3758
3758
3758
3757
3755
3751
3750
3749
3749
3749
3746
3745
3745
3744
3744
3744
3743
3742
3741
3741
3740
3739
3739
3737
3737
3734
3733
3730
3729
3729
3729
3729
3727
3726
3726
3726
3726
3726
3725
3724
3724
3723
3723
3722
3721
3721
3720
3719
3718
3714
3713
3713
3712
3711
3711
3709
3709
3709
3706
3705
3703
3702
3701
3700
3697
3697
3695
3694
3694
3690
3689
3688
3687
3686
3684
3684
3680
3680
3679
3678
3677
3676
3674
3672
3672
3671
3669
3669
3669
3667
3664
3663
3663
3662
3662
3660
3660
3656
3656
3653
3652
3652
3652
3651
3650
3650
3645
3641
3638
3638
3635
3635
3632
3631
3627
3626
3625
3625
3624
3623
3622
3620
3620
3618
3618
3618
3616
3614
3614
3614
3614
3614
3612
3612
3612
3610
3610
3604
3603
3602
3600
3599
3597
3596
3595
3595
3592
3591
3591
3591
3589
3589
3586
3585
3584
3584
3582
3582
3581
3581
3580
3577
3575
3575
3575
3574
3567
3567
3566
3566
3566
3566
3565
3563
3562
3562
3559
3558
3557
3557
3556
3554
3551
3550
3549
3549
3548
3546
3544
3544
3543
3543
3542
3542
3540
3540
3538
3538
3538
3538
3537
3536
3536
3535
3534
3531
3531
3531
3528
3527
3527
3527
3525
3524
3524
3523
3523
3521
3520
3520
3520
3517
3516
3515
3515
3514
3512
3511
3509
3507
3507
3507
3503
3503
3502
3500
3500
3500
3498
3497
3494
3493
3493
3492
3489
3487
3487
3487
3487
3487
3485
3483
3482
3480
3479
3478
3477
3476
3476
3475
3473
3473
3472
3469
3467
3465
3464
3464
3461
3460
3460
3458
3457
3456
3456
3455
3454
3453
3452
3452
3451
3451
3450
3450
3450
3449
3447
3447
3446
3444
3444
3442
3442
3441
3440
3438
3438
3438
3436
3435
3435
3434
3434
3434
3434
3434
3433
3431
3430
3428
3428
3422
3421
3419
3419
3418
3417
3416
3415
3414
3414
3414
3412
3409
3408
3408
3405
3405
3403
3403
3402
3401
3401
3399
3398
3397
3395
3394
3393
3392
3391
3391
3390
3390
3390
3390
3389
3389
3386
3385
3383
3382
3380
3378
3378
3378
3378
3377
3377
3374
3374
3374
3373
3373
3372
3370
3370
3369
3367
3366
3364
3364
3364
3362
3362
3361
3361
3359
3359
3355
3353
3353
3353
3352
3347
3346
3346
3346
3346
3345
3345
3345
3344
3344
3343
3343
3343
3342
3341
3340
3339
3339
3338
3337
3336
3335
3334
3332
3332
3330
3328
3328
3327
3327
3324
3322
3322
3320
3319
3313
3313
3312
3311
3311
3311
3311
3310
3310
3309
3309
3309
3306
3305
3305
3304
3302
3300
3299
3298
3297
3296
3292
3292
3290
3290
3289
3289
3288
3285
3284
3284
3283
3282
3280
3277
3276
3273
3273
3272
3272
3272
3272
3271
3270
3270
3270
3269
3267
3266
3266
3263
3263
3263
3263
3261
3261
3260
3259
3259
3259
3259
3257
3255
3255
3254
3252
3252
3250
3250
3247
3247
3246
3242
3240
3240
3238
3237
3235
3235
3234
3231
3231
3231
3230
3230
3229
3229
3228
3228
3228
3227
3226
3225
3224
3224
3223
3222
3221
3220
3220
3219
3219
3218
3218
3217
3217
3213
3213
3212
3209
3207
3206
3205
3204
3202
3202
3202
3202
3201
3200
3194
3194
3192
3192
3192
3189
3189
3187
3186
3184
3184
3184
3181
3181
3180
3179
3179
3179
3178
3177
3176
3173
3172
3169
3169
3168
3167
3167
3166
3165
3164
3162
3162
3161
3159
3158
3158
3156
3155
3154
3153
3153
3152
3151
3150
3149
3149
3149
3146
3145
3144
3143
3142
3139
3138
3135
3135
3134
3130
3130
3128
3126
3125
3122
3122
3121
3120
3119
3119
3114
3114
3114
3114
3113
3113
3111
3110
3109
3109
3107
3106
3102
3102
3101
3098
3098
3095
3092
3092
3091
3089
3088
3087
3086
3083
3082
3082
3080
3080
3080
3079
3079
3076
3072
3072
3072
3071
3070
3068
3067
3066
3064
3064
3064
3062
3059
3059
3058
3057
3053
3053
3053
3052
3051
3049
3049
3048
3048
3048
3048
3048
3047
3046
3044
3042
3042
3040
3039
3037
3036
3035
3033
3033
3032
3032
3031
3029
3028
3028
3027
3026
3025
3025
3024
3024
3024
3022
3021
3021
3021
3019
3019
3018
3018
3017
3015
3015
3015
3014
3014
3013
3010
3010
3010
3008
3007
3003
3001
3001
3000
3000
3000
2999
2997
2996
2996
2993
2993
2992
2991
2991
2991
2991
2991
2991
2990
2990
2985
2985
2984
2983
2983
2982
2980
2976
2976
2975
2972
2970
2969
2969
2968
2968
2966
2965
2965
2965
2963
2963
2962
2962
2962
2962
2960
2960
2960
2957
2956
2956
2954
2953
2951
2950
2947
2946
2946
2944
2943
2941
2941
2940
2939
2937
2937
2935
2935
2934
2932
2932
2931
2930
2930
2929
2928
2928
2928
2927
2927
2926
2926
2926
2925
2924
2923
2923
2921
2920
2914
2913
2911
2911
2911
2910
2910
2910
2907
2907
2907
2907
2907
2906
2904
2904
2904
2904
2903
2903
2901
2899
2896
2896
2895
2894
2893
2892
2890
2888
2886
2885
2885
2883
2883
2882
2879
2879
2878
2878
2878
2875
2874
2872
2872
2868
2868
2867
2867
2867
2866
2866
2864
2864
2863
2863
2861
2860
2859
2859
2859
2858
2857
2856
2856
2856
2856
2855
2853
2853
2853
2852
2850
2850
2849
2849
2848
2848
2846
2844
2843
2843
2843
2843
2842
2842
2839
2838
2837
2836
2835
2835
2835
2835
2833
2831
2831
2830
2830
2828
2827
2827
2825
2825
2825
2824
2823
2822
2821
2820
2820
2817
2814
2813
2813
2813
2812
2811
2809
2809
2808
2806
2806
2806
2805
2804
2801
2800
2798
2796
2796
2796
2796
2796
2795
2794
2793
2793
2793
2792
2791
2791
2790
2789
2789
2788
2787
2787
2786
2785
2785
2785
2783
2783
2783
2783
2781
2780
2780
2779
2778
2778
2778
2777
2777
2775
2775
2774
2772
2771
2771
2771
2771
2769
2769
2768
2766
2765
2764
2762
2762
2761
2761
2760
2758
2758
2756
2755
2755
2752
2751
2750
2750
2749
2748
2747
2747
2746
2746
2746
2746
2745
2743
2742
2741
2737
2736
2735
2734
2733
2730
2730
2728
2728
2727
2727
2725
2722
2722
2720
2720
2720
2718
2718
2714
2714
2713
2713
2713
2711
2710
2710
2709
2709
2708
2708
2707
2705
2704
2704
2704
2704
2703
2702
2702
2701
2700
2699
2698
2697
2697
2697
2697
2696
2696
2696
2695
2694
2694
2694
2692
2687
2687
2686
2686
2686
2685
2680
2677
2677
2677
2677
2675
2674
2673
2673
2673
2673
2672
2672
2671
2670
2668
2668
2667
2665
2663
2661
2661
2660
2660
2659
2656
2656
2656
2654
2653
2653
2652
2652
2651
2650
2649
2649
2645
2645
2644
2643
2643
2643
2642
2635
2635
2634
2634
2632
2632
2629
2628
2627
2625
2625
2624
2624
2623
2619
2618
2618
2616
2615
2612
2611
2610
2610
2610
2608
2607
2607
2606
2606
2605
2604
2604
2604
2604
2601
2600
2600
2598
2597
2597
2595
2593
2590
2590
2589
2589
2588
2587
2585
2585
2582
2581
2581
2579
2577
2576
2575
2574
2574
2572
2572
2572
2570
2570
2568
2568
2567
2567
2565
2563
2561
2561
2560
2560
2560
2559
2558
2558
2558
2554
2552
2552
2550
2550
2548
2548
2547
2546
2546
2545
2542
2539
2537
2536
2535
2534
2534
2534
2534
2532
2531
2531
2530
2529
2529
2529
2529
2528
2526
2526
2525
2525
2524
2523
2521
2521
2521
2521
2521
2518
2517
2516
2511
2508
2508
2508
2504
2504
2502
2501
2500
2500
2500
2500
2499
2498
2498
2497
2497
2496
2495
2495
2494
2494
2493
2492
2489
2485
2484
2483
2483
2481
2481
2480
2480
2480
2478
2478
2477
2476
2475
2475
2475
2474
2473
2472
2471
2470
2470
2470
2470
2470
2469
2468
2467
2465
2464
2464
2463
2461
2460
2459
2458
2454
2454
2453
2452
2452
2451
2451
2450
2450
2449
2448
2448
2447
2446
2446
2443
2442
2442
2441
2439
2438
2437
2436
2436
2435
2435
2433
2433
2432
2430
2430
2429
2428
2428
2428
2426
2426
2425
2423
2422
2422
2421
2420
2418
2418
2418
2418
2416
2414
2414
2414
2414
2413
2413
2413
2412
2412
2411
2411
2409
2408
2407
2407
2406
2406
2406
2406
2405
2404
2403
2402
2401
2401
2401
2400
2400
2399
2397
2397
2397
2397
2396
2396
2395
2395
2393
2392
2391
2391
2388
2387
2385
2384
2384
2384
2383
2381
2380
2379
2378
2378
2376
2376
2374
2373
2373
2372
2370
2369
2369
2368
2367
2367
2367
2366
2366
2365
2364
2362
2359
2358
2357
2355
2355
2354
2354
2353
2353
2352
2351
2350
2350
2350
2350
2349
2348
2347
2345
2343
2342
2341
2341
2340
2337
2337
2336
2336
2335
2334
2333
2333
2333
2333
2333
2332
2331
2330
2330
2329
2322
2321
2321
2320
2320
2320
2319
2317
2317
2317
2316
2316
2315
2315
2314
2314
2313
2312
2311
2311
2310
2310
2309
2308
2307
2305
2301
2300
2300
2298
2297
2296
2295
2294
2293
2292
2291
2290
2290
2289
2289
2288
2288
2288
2287
2286
2286
2286
2285
2283
2282
2281
2281
2281
2280
2279
2279
2278
2276
2275
2275
2275
2275
2274
2272
2272
2272
2270
2270
2270
2267
2266
2265
2263
2261
2260
2255
2254
2254
2253
2252
2252
2251
2250
2249
2246
2245
2244
2243
2243
2243
2242
2241
2237
2236
2236
2235
2234
2234
2233
2233
2233
2228
2226
2225
2225
2225
2222
2219
2219
2217
2217
2216
2215
2213
2213
2212
2210
2210
2209
2209
2206
2204
2203
2201
2200
2198
2197
2196
2196
2195
2193
2192
2191
2190
2189
2188
2188
2187
2187
2185
2183
2181
2180
2177
2177
2176
2176
2174
2173
2172
2168
2168
2167
2167
2167
2166
2165
2165
2164
2163
2162
2162
2160
2159
2159
2158
2158
2158
2156
2155
2155
2152
2151
2151
2150
2148
2148
2148
2148
2147
2146
2146
2146
2146
2145
2144
2142
2141
2141
2140
2140
2139
2139
2139
2136
2136
2135
2135
2134
2132
2132
2130
2123
2122
2122
2119
2118
2114
2114
2114
2112
2111
2111
2110
2110
2110
2107
2106
2105
2105
2104
2104
2103
2103
2101
2100
2099
2099
2098
2095
2094
2093
2092
2092
2090
2089
2089
2088
2088
2088
2087
2086
2086
2086
2086
2086
2085
2084
2084
2084
2079
2079
2078
2077
2075
2075
2074
2074
2073
2073
2072
2072
2071
2071
2068
2067
2066
2065
2064
2064
2064
2062
2062
2061
2061
2060
2058
2057
2054
2054
2054
2054
2053
2052
2052
2049
2049
2048
2047
2046
2045
2044
2044
2041
2041
2038
2036
2036
2035
2035
2034
2033
2031
2030
2029
2029
2028
2025
2025
2023
2023
2023
2023
2019
2018
2016
2015
2014
2014
2013
2011
2010
2008
2007
2004
2003
2002
2002
2000
1998
1996
1995
1995
1992
1991
1991
1989
1988
1986
1985
1985
1984
1983
1983
1981
1981
1980
1980
1979
1978
1976
1975
1971
1971
1971
1971
1970
1966
1965
1965
1964
1963
1962
1962
1957
1954
1952
1952
1951
1951
1950
1949
1949
1949
1949
1947
1947
1947
1946
1946
1946
1944
1944
1943
1941
1939
1938
1937
1934
1932
1930
1927
1924
1924
1923
1923
1922
1922
1921
1921
1920
1920
1919
1919
1918
1917
1917
1916
1914
1914
1913
1912
1912
1912
1911
1910
1909
1909
1907
1907
1906
1906
1904
1904
1902
1900
1900
1898
1897
1897
1897
1897
1896
1896
1895
1895
1894
1894
1894
1891
1890
1890
1890
1888
1888
1887
1887
1885
1885
1884
1883
1881
1881
1880
1879
1879
1878
1877
1875
1873
1873
1872
1872
1872
1871
1870
1870
1868
1866
1866
1866
1865
1864
1863
1862
1862
1861
1861
1858
1857
1856
1855
1855
1854
1854
1854
1853
1853
1853
1853
1852
1852
1851
1849
1849
1848
1847
1847
1847
1846
1846
1841
1840
1840
1839
1838
1837
1835
1834
1834
1834
1834
1833
1832
1831
1831
1830
1829
1829
1828
1826
1826
1825
1824
1822
1821
1819
1819
1818
1816
1815
1815
1815
1814
1814
1814
1812
1809
1808
1807
1806
1806
1804
1804
1804
1802
1802
1801
1800
1798
1798
1798
1795
1793
1793
1793
1792
1792
1790
1790
1787
1786
1785
1785
1785
1783
1782
1782
1782
1780
1780
1780
1779
1779
1777
1773
1773
1773
1772
1770
1770
1770
1769
1769
1769
1768
1767
1766
1766
1766
1764
1764
1764
1764
1763
1763
1762
1762
1761
1759
1758
1757
1755
1754
1754
1754
1753
1752
1751
1750
1750
1750
1745
1745
1744
1743
1741
1741
1736
1733
1733
1733
1731
1730
1730
1730
1725
1725
1725
1724
1724
1724
1722
1719
1719
1718
1715
1715
1714
1713
1712
1712
1711
1710
1709
1709
1708
1708
1708
1705
1703
1702
1699
1696
1694
1693
1693
1692
1692
1690
1689
1688
1687
1686
1683
1683
1682
1682
1681
1679
1677
1677
1677
1676
1675
1673
1673
1673
1671
1671
1670
1670
1670
1670
1669
1667
1667
1666
1666
1662
1660
1660
1660
1659
1658
1657
1654
1653
1653
1653
1653
1652
1652
1650
1650
1649
1649
1647
1647
1647
1645
1644
1643
1640
1639
1639
1637
1637
1635
1635
1635
1634
1634
1633
1630
1629
1628
1626
1625
1624
1624
1622
1619
1616
1615
1615
1614
1613
1611
1610
1610
1610
1610
1608
1607
1604
1603
1602
1602
1601
1599
1599
1598
1597
1597
1596
1594
1593
1592
1591
1589
1586
1586
1584
1582
1582
1581
1580
1578
1578
1575
1575
1575
1575
1574
1573
1570
1570
1569
1566
1564
1563
1561
1561
1558
1557
1557
1557
1554
1554
1553
1549
1549
1548
1548
1547
1547
1546
1545
1544
1544
1544
1540
1535
1534
1534
1533
1532
1532
1530
1529
1529
1527
1526
1525
1525
1524
1523
1522
1522
1521
1521
1521
1520
1520
1519
1518
1518
1518
1518
1517
1517
1516
1513
1513
1512
1512
1509
1509
1509
1509
1509
1507
1507
1507
1506
1503
1502
1502
1501
1501
1501
1500
1500
1498
1498
1497
1496
1494
1491
1489
1489
1489
1488
1487
1485
1485
1485
1484
1482
1480
1480
1479
1478
1478
1475
1474
1474
1474
1473
1473
1472
1471
1470
1470
1467
1467
1466
1464
1462
1460
1456
1456
1453
1452
1452
1451
1451
1450
1448
1447
1447
1445
1442
1441
1440
1438
1437
1435
1435
1435
1434
1432
1431
1431
1430
1425
1425
1417
1417
1415
1415
1412
1410
1410
1409
1409
1408
1405
1404
1401
1401
1401
1400
1396
1396
1395
1393
1392
1391
1390
1389
1388
1387
1385
1385
1385
1384
1384
1383
1381
1381
1378
1378
1377
1376
1375
1375
1374
1372
1371
1371
1369
1366
1364
1363
1361
1359
1359
1359
1358
1358
1357
1357
1357
1357
1355
1355
1354
1353
1353
1353
1351
1350
1350
1349
1347
1345
1345
1344
1344
1344
1344
1343
1342
1341
1340
1340
1340
1339
1337
1336
1335
1332
1331
1330
1330
1329
1328
1325
1323
1322
1322
1321
1320
1316
1316
1312
1312
1312
1312
1311
1310
1310
1309
1308
1307
1307
1306
1305
1305
1305
1303
1301
1300
1300
1300
1300
1297
1296
1296
1294
1293
1292
1291
1291
1291
1291
1290
1289
1287
1286
1286
1285
1279
1277
1277
1277
1276
1273
1272
1272
1271
1271
1270
1269
1267
1266
1265
1265
1262
1262
1261
1260
1260
1260
1258
1258
1258
1257
1256
1256
1256
1255
1255
1253
1253
1251
1250
1250
1249
1249
1248
1247
1247
1247
1245
1244
1244
1243
1243
1241
1240
1239
1237
1235
1231
1229
1229
1228
1227
1221
1220
1219
1218
1215
1215
1214
1212
1211
1211
1209
1206
1206
1206
1206
1204
1203
1202
1200
1198
1198
1197
1195
1195
1194
1194
1192
1192
1187
1186
1186
1185
1184
1182
1182
1180
1179
1179
1178
1177
1177
1176
1175
1170
1168
1168
1168
1167
1167
1165
1165
1162
1162
1162
1161
1160
1159
1159
1157
1157
1154
1154
1154
1154
1153
1151
1151
1150
1150
1149
1148
1148
1146
1146
1146
1145
1145
1145
1144
1144
1144
1143
1143
1142
1141
1136
1136
1133
1130
1129
1129
1129
1128
1128
1127
1127
1126
1126
1124
1123
1123
1122
1120
1120
1118
1118
1118
1117
1117
1116
1115
1115
1113
1113
1113
1112
1112
1109
1106
1106
1106
1106
1106
1105
1104
1102
1100
1099
1097
1096
1096
1096
1095
1091
1090
1090
1087
1087
1085
1083
1082
1082
1082
1080
1076
1073
1072
1071
1068
1068
1066
1066
1064
1063
1061
1060
1060
1059
1059
1059
1058
1057
1056
1056
1055
1054
1054
1054
1054
1053
1053
1053
1051
1050
1050
1048
1047
1046
1046
1045
1044
1043
1041
1040
1040
1039
1035
1035
1033
1033
1032
1031
1030
1030
1029
1028
1027
1027
1026
1023
1022
1019
1018
1018
1015
1014
1014
1013
1011
1010
1010
1009
1007
1007
1006
1005
1005
1003
1001
996
994
992
992
991
991
990
987
986
985
985
983
980
980
979
977
976
975
973
973
973
970
969
968
968
967
967
966
966
961
961
961
960
960
959
959
958
957
956
956
955
954
954
953
952
952
951
951
947
946
945
945
943
942
942
941
940
939
938
937
937
935
935
934
934
934
934
934
934
933
933
932
932
932
930
930
929
929
928
928
927
925
925
925
923
922
918
917
917
916
916
915
914
914
913
911
910
909
908
908
908
906
906
905
905
904
902
902
901
900
900
898
898
896
895
895
893
892
892
890
886
884
884
883
882
882
880
876
874
871
870
870
870
869
866
865
864
864
863
863
862
859
859
858
858
858
857
857
856
855
855
855
855
854
852
851
851
850
848
846
846
846
846
846
845
844
841
836
836
835
835
835
834
833
833
832
831
830
829
829
827
826
825
824
822
820
819
818
815
815
812
811
811
809
809
808
805
804
803
802
802
800
799
794
793
793
792
791
788
788
786
784
783
782
780
779
778
778
777
776
774
774
773
773
772
771
769
767
766
766
766
764
763
763
763
763
762
762
761
758
756
752
751
749
747
747
747
746
745
745
745
745
745
742
741
740
740
737
733
733
733
733
732
731
731
730
730
729
729
726
724
723
721
720
719
718
717
717
716
715
714
710
709
706
705
705
701
699
697
697
693
693
693
692
691
691
691
689
689
687
686
686
686
685
685
684
684
684
683
683
682
682
681
681
679
679
678
677
677
675
675
675
674
674
673
673
673
673
671
671
668
667
667
665
664
661
659
658
657
657
656
656
656
655
654
654
653
652
651
649
649
649
648
648
648
646
646
646
645
645
642
641
639
639
638
638
638
637
634
632
631
628
628
624
624
624
621
620
618
618
617
616
614
613
612
609
608
608
607
605
604
603
603
603
602
601
599
599
596
595
595
593
591
589
588
588
586
585
584
583
583
577
577
577
576
573
572
572
572
571
570
570
568
567
566
565
564
561
561
559
558
556
556
556
556
554
554
554
553
553
553
552
552
551
551
551
550
549
547
546
546
543
540
538
538
537
536
535
534
534
534
532
532
531
530
530
526
526
523
521
521
520
519
519
518
518
515
514
514
513
511
505
504
501
501
500
500
500
500
497
497
495
490
489
489
489
487
485
485
485
485
485
484
481
481
480
476
476
475
475
475
473
471
471
470
469
469
467
466
465
465
464
462
461
460
459
456
455
453
451
451
451
450
449
446
445
440
439
438
438
435
434
434
433
433
432
432
432
432
431
430
430
430
429
426
426
423
423
423
422
418
418
417
417
416
416
415
414
413
413
412
411
411
410
410
408
407
406
404
403
402
402
400
399
398
397
395
395
395
393
393
392
391
390
389
388
388
388
387
387
386
383
383
382
381
381
380
379
379
378
377
376
373
371
371
370
369
368
366
362
362
361
357
355
355
354
354
352
352
347
347
345
344
343
342
340
340
339
337
336
334
332
331
330
329
329
328
327
326
325
324
323
323
322
321
321
320
320
319
314
313
312
310
307
305
305
305
304
304
302
302
299
299
295
295
295
295
294
293
293
292
292
292
291
289
288
287
285
285
284
284
281
280
279
279
279
276
276
275
273
272
270
270
269
267
263
262
259
259
259
258
257
257
257
256
254
253
251
247
247
245
245
244
244
242
242
241
241
240
239
239
239
239
238
238
237
237
231
231
229
229
226
224
223
221
219
218
214
211
211
209
207
207
207
206
206
206
205
204
203
201
199
199
199
198
195
195
195
194
193
193
193
191
188
184
183
183
181
181
178
178
177
177
172
172
172
171
171
170
170
168
167
166
165
163
163
162
159
159
157
156
156
154
154
153
153
153
152
151
149
148
147
147
146
144
144
144
144
143
137
136
136
136
135
134
134
131
129
129
126
126
126
125
122
122
121
121
120
119
117
117
115
113
113
113
112
109
109
107
107
107
104
103
102
102
101
97
97
95
94
91
91
91
90
90
89
89
89
87
85
84
84
81
81
81
80
80
79
79
77
77
76
75
73
71
70
69
69
68
68
67
65
64
61
60
58
56
54
54
54
53
51
50
50
50
49
47
46
44
43
42
42
38
38
37
34
33
32
31
31
30
29
29
28
21
20
20
18
17
16
14
14
11
11
10
9
8
7
6
5
5
4
4
3
1
1
