0
0
0
0
0
0
1
3
4
6
6
6
6
7
8
9
10
10
10
10
13
15
16
17
20
21
22
25
25
25
26
26
27
27
28
29
31
31
32
32
32
33
33
33
35
36
36
36
37
39
39
40
41
42
46
48
48
48
51
53
53
57
58
58
59
60
60
62
64
65
66
66
68
68
68
69
72
74
76
76
76
78
83
83
84
85
89
89
89
89
90
90
92
93
93
93
95
96
96
96
96
97
97
98
99
100
101
102
103
106
107
107
108
108
111
112
113
114
115
115
115
116
116
117
118
119
119
120
122
122
124
126
126
127
128
128
129
131
132
132
134
134
134
135
136
137
138
139
140
144
147
148
148
148
148
149
150
151
153
155
156
156
157
158
160
162
163
163
163
164
164
167
167
168
170
170
172
173
173
174
174
175
175
175
176
177
178
179
180
180
182
182
182
183
184
185
185
187
188
189
190
191
194
195
195
195
195
196
198
198
199
199
199
200
201
201
201
201
203
205
207
207
210
212
214
217
217
217
218
218
218
219
220
222
224
225
226
229
232
233
233
234
234
235
237
238
238
240
240
241
242
242
242
246
247
247
250
252
255
256
257
257
258
259
259
261
262
263
264
264
264
266
266
267
270
271
272
273
273
275
276
277
279
279
280
280
281
281
281
282
283
284
285
286
286
287
288
288
291
292
297
297
297
298
298
298
299
299
299
301
301
302
302
304
307
310
310
310
310
310
311
313
314
315
315
316
316
318
319
321
321
321
322
323
323
323
327
327
328
329
330
331
332
332
333
334
334
335
335
338
340
340
340
341
341
342
342
344
345
346
346
347
347
347
348
349
350
353
354
355
356
356
360
360
361
364
364
365
365
366
366
367
368
368
371
373
373
373
373
375
377
380
382
382
383
387
387
387
389
390
390
391
392
393
394
395
396
396
401
401
401
402
402
402
403
404
405
407
410
410
411
412
412
413
413
414
415
415
415
417
419
420
420
422
422
422
422
423
427
430
431
432
432
433
434
434
434
434
435
437
438
439
441
441
442
442
444
445
445
445
446
447
448
448
451
451
452
452
453
456
457
457
462
463
465
466
467
469
469
469
470
470
470
471
472
472
473
474
475
476
477
477
478
479
479
479
480
481
482
482
483
484
484
485
486
486
486
486
487
492
492
493
493
498
498
499
499
500
500
501
505
506
507
507
507
508
509
509
510
510
510
510
513
513
515
515
518
519
520
520
520
521
522
523
524
525
525
526
530
531
531
532
532
533
533
533
533
534
536
536
537
538
538
539
539
542
543
543
544
544
546
548
551
553
554
555
555
555
557
557
560
563
563
564
564
565
565
566
567
567
569
571
572
572
575
577
578
579
579
580
580
580
583
584
584
585
586
588
589
589
589
590
591
593
594
594
595
595
596
597
598
598
599
602
602
604
605
605
606
608
608
609
609
610
610
612
612
613
614
615
615
617
617
619
619
620
621
621
621
622
624
624
625
626
626
627
628
628
629
630
631
631
632
634
635
636
636
636
637
638
638
640
640
640
641
643
644
644
646
647
648
648
651
653
653
653
653
655
656
656
657
657
658
658
661
662
662
663
663
664
666
666
667
670
670
670
671
671
672
672
676
677
677
678
679
679
679
680
682
684
684
685
687
688
691
692
697
699
700
701
701
702
702
703
703
705
706
707
707
708
708
709
709
710
711
713
713
714
714
715
716
719
720
722
724
726
727
730
730
732
733
736
736
736
738
738
739
739
740
742
743
746
746
748
749
750
751
751
755
755
757
758
760
760
761
762
763
764
766
771
773
775
775
776
778
780
780
780
781
783
784
785
786
787
789
790
790
795
797
798
802
803
804
806
808
808
809
810
810
811
811
811
812
813
813
813
813
814
814
815
815
819
824
825
827
828
828
830
830
831
832
832
833
834
834
835
836
836
836
836
838
842
842
842
844
845
845
845
845
846
847
849
850
851
851
851
853
854
854
855
855
859
861
861
862
862
862
863
864
865
866
866
870
870
870
870
871
873
873
873
874
875
875
876
876
880
880
881
882
883
885
889
889
894
897
897
898
906
907
908
910
911
913
914
918
920
920
921
924
924
925
926
926
927
929
929
932
933
935
935
936
940
941
942
943
944
945
945
946
946
949
949
949
950
953
958
959
960
960
967
967
968
969
972
973
975
976
976
977
980
981
981
982
984
985
987
988
988
989
991
992
994
995
996
997
998
999
1000
1000
1000
1000
1000
1001
1002
1004
1007
1007
1007
1008
1008
1009
1009
1009
1009
1010
1011
1011
1016
1017
1018
1019
1020
1020
1020
1021
1025
1026
1029
1029
1030
1031
1031
1031
1034
1034
1035
1037
1039
1041
1044
1044
1047
1047
1048
1048
1049
1051
1052
1053
1053
1054
1055
1055
1058
1058
1058
1061
1061
1061
1062
1064
1066
1066
1067
1068
1069
1069
1069
1070
1070
1072
1073
1076
1079
1080
1081
1083
1085
1085
1086
1086
1087
1088
1089
1089
1090
1091
1092
1093
1094
1095
1097
1098
1098
1098
1099
1099
1099
1099
1100
1101
1102
1102
1104
1105
1105
1109
1109
1110
1110
1110
1111
1111
1112
1112
1114
1116
1116
1117
1119
1119
1120
1120
1120
1121
1124
1125
1127
1127
1127
1127
1127
1128
1128
1129
1131
1131
1131
1132
1135
1136
1136
1142
1144
1144
1144
1145
1146
1147
1148
1148
1150
1150
1151
1153
1153
1153
1155
1155
1156
1156
1158
1158
1159
1159
1160
1161
1162
1162
1163
1164
1164
1164
1164
1166
1167
1168
1169
1170
1170
1170
1171
1173
1173
1173
1175
1175
1175
1176
1176
1176
1177
1178
1179
1179
1179
1180
1180
1180
1181
1182
1182
1182
1183
1183
1184
1185
1185
1186
1187
1187
1189
1192
1192
1192
1193
1195
1195
1196
1197
1197
1197
1197
1198
1199
1201
1201
1203
1203
1206
1206
1206
1208
1208
1208
1215
1217
1217
1219
1223
1223
1225
1226
1227
1228
1228
1228
1231
1231
1232
1234
1235
1237
1237
1237
1237
1238
1239
1239
1239
1241
1241
1241
1241
1242
1242
1243
1243
1244
1245
1245
1245
1247
1249
1250
1251
1255
1255
1256
1258
1259
1259
1259
1260
1260
1262
1262
1264
1264
1265
1266
1267
1267
1269
1272
1273
1276
1279
1280
1280
1281
1281
1281
1282
1282
1283
1283
1285
1285
1286
1288
1288
1289
1290
1291
1293
1294
1294
1296
1297
1297
1297
1297
1297
1298
1298
1298
1298
1299
1299
1300
1300
1301
1303
1303
1304
1306
1308
1311
1314
1315
1317
1317
1319
1321
1322
1324
1324
1325
1325
1330
1333
1335
1336
1338
1338
1339
1342
1342
1343
1343
1343
1345
1346
1348
1349
1351
1351
1352
1354
1354
1355
1355
1357
1359
1359
1360
1361
1364
1367
1370
1370
1372
1377
1379
1380
1382
1383
1384
1385
1386
1387
1389
1390
1390
1391
1391
1391
1392
1392
1392
1397
1398
1399
1399
1400
1402
1404
1406
1407
1407
1408
1409
1409
1411
1412
1413
1416
1417
1418
1419
1419
1420
1421
1422
1423
1423
1424
1425
1426
1428
1428
1429
1429
1429
1429
1430
1431
1433
1435
1436
1436
1436
1438
1438
1439
1439
1440
1441
1442
1443
1443
1444
1447
1447
1449
1449
1449
1449
1449
1450
1450
1451
1452
1453
1454
1454
1455
1457
1458
1459
1461
1461
1462
1463
1465
1467
1468
1469
1469
1470
1470
1470
1472
1472
1472
1472
1473
1474
1474
1475
1475
1475
1475
1477
1477
1478
1478
1478
1480
1480
1480
1481
1483
1485
1487
1488
1488
1488
1489
1490
1490
1491
1492
1494
1496
1496
1497
1497
1497
1498
1498
1499
1501
1502
1502
1502
1503
1503
1505
1505
1505
1506
1508
1509
1510
1510
1511
1512
1513
1513
1514
1515
1515
1516
1517
1518
1518
1520
1520
1521
1522
1522
1524
1524
1524
1524
1525
1527
1528
1533
1534
1535
1536
1536
1538
1538
1542
1542
1543
1544
1545
1545
1547
1547
1548
1549
1549
1550
1551
1552
1553
1554
1554
1554
1555
1556
1559
1561
1563
1563
1566
1568
1568
1574
1575
1575
1575
1576
1578
1580
1580
1580
1584
1584
1585
1585
1585
1589
1589
1590
1590
1591
1592
1594
1594
1595
1595
1596
1597
1598
1598
1599
1599
1600
1603
1603
1604
1605
1607
1608
1608
1609
1614
1615
1615
1616
1617
1617
1618
1619
1621
1622
1623
1624
1625
1625
1628
1631
1631
1632
1634
1634
1635
1635
1636
1636
1641
1643
1643
1643
1644
1645
1646
1647
1647
1649
1649
1649
1650
1650
1651
1652
1652
1652
1653
1654
1656
1658
1659
1659
1661
1661
1662
1663
1663
1670
1671
1675
1675
1675
1675
1676
1677
1677
1678
1678
1681
1683
1683
1683
1684
1684
1685
1685
1686
1686
1686
1686
1686
1688
1688
1689
1689
1690
1690
1692
1694
1694
1694
1695
1696
1698
1700
1700
1701
1702
1703
1705
1707
1707
1707
1709
1710
1711
1712
1713
1713
1713
1714
1715
1717
1718
1719
1722
1722
1723
1724
1725
1726
1726
1726
1727
1727
1727
1729
1729
1729
1731
1732
1733
1733
1733
1734
1734
1735
1739
1739
1740
1742
1742
1744
1744
1744
1745
1746
1746
1747
1748
1748
1749
1749
1750
1750
1751
1751
1752
1756
1757
1757
1761
1761
1764
1764
1764
1766
1767
1768
1768
1769
1769
1769
1771
1771
1772
1772
1772
1772
1772
1773
1773
1773
1774
1775
1775
1777
1777
1777
1778
1778
1779
1779
1781
1781
1786
1786
1787
1788
1789
1790
1792
1792
1793
1793
1794
1796
1797
1797
1798
1799
1800
1802
1802
1802
1802
1803
1804
1805
1807
1809
1809
1810
1810
1811
1812
1814
1815
1816
1820
1820
1821
1822
1823
1823
1824
1825
1825
1826
1827
1827
1832
1832
1833
1833
1833
1834
1834
1835
1835
1836
1836
1836
1837
1837
1837
1837
1838
1839
1840
1840
1840
1841
1841
1842
1843
1843
1844
1845
1847
1848
1848
1849
1849
1851
1851
1853
1853
1854
1854
1855
1855
1855
1855
1855
1858
1858
1859
1860
1860
1861
1862
1866
1867
1867
1869
1870
1870
1871
1872
1872
1872
1872
1872
1872
1873
1873
1874
1874
1874
1877
1877
1878
1878
1878
1879
1879
1881
1882
1885
1885
1886
1887
1890
1890
1891
1892
1892
1892
1894
1894
1896
1898
1898
1899
1899
1899
1900
1906
1907
1907
1908
1908
1908
1909
1910
1911
1911
1912
1912
1913
1913
1915
1916
1919
1919
1920
1921
1922
1922
1923
1924
1925
1926
1928
1930
1930
1931
1931
1931
1933
1935
1935
1936
1937
1937
1943
1944
1944
1946
1947
1948
1950
1950
1950
1953
1954
1955
1959
1960
1960
1960
1962
1966
1968
1969
1969
1971
1972
1973
1975
1975
1976
1978
1978
1978
1979
1982
1984
1985
1986
1986
1987
1990
1992
1993
1995
1995
1996
1997
1997
1997
1997
1999
2000
2002
2003
2005
2006
2006
2007
2007
2007
2008
2009
2010
2011
2011
2012
2013
2014
2014
2015
2016
2017
2017
2018
2018
2018
2020
2021
2021
2021
2022
2022
2022
2024
2026
2027
2028
2029
2029
2029
2031
2033
2035
2035
2035
2035
2035
2037
2037
2037
2037
2038
2038
2038
2042
2042
2045
2045
2045
2046
2047
2049
2049
2051
2051
2052
2053
2055
2060
2060
2060
2061
2062
2062
2062
2065
2065
2066
2066
2066
2066
2067
2067
2067
2067
2068
2068
2069
2070
2071
2073
2073
2077
2078
2078
2079
2079
2081
2081
2081
2085
2085
2087
2088
2089
2090
2091
2093
2094
2095
2095
2096
2096
2096
2097
2097
2099
2099
2101
2104
2106
2107
2108
2110
2110
2110
2112
2113
2113
2113
2114
2115
2117
2117
2119
2119
2120
2120
2122
2126
2127
2127
2129
2131
2131
2131
2131
2132
2132
2133
2134
2136
2138
2138
2139
2140
2141
2142
2142
2142
2144
2146
2147
2149
2150
2151
2153
2154
2154
2155
2157
2158
2158
2161
2162
2162
2163
2164
2165
2167
2167
2168
2168
2169
2169
2172
2173
2174
2177
2179
2180
2181
2182
2185
2185
2187
2187
2188
2189
2189
2190
2192
2193
2194
2194
2195
2195
2195
2196
2196
2197
2199
2201
2201
2202
2203
2203
2203
2206
2208
2209
2210
2210
2215
2215
2216
2216
2217
2219
2220
2221
2221
2221
2222
2226
2226
2229
2229
2230
2232
2235
2235
2236
2237
2237
2238
2238
2239
2241
2242
2243
2244
2244
2245
2245
2245
2245
2247
2251
2251
2254
2254
2254
2255
2256
2257
2257
2258
2258
2259
2261
2261
2266
2268
2268
2269
2270
2270
2272
2274
2275
2276
2276
2277
2278
2281
2282
2282
2283
2287
2288
2290
2291
2291
2292
2292
2294
2296
2296
2298
2301
2302
2303
2303
2305
2305
2305
2307
2307
2308
2309
2309
2309
2310
2310
2312
2315
2316
2318
2319
2323
2324
2327
2327
2328
2330
2332
2334
2336
2337
2337
2339
2340
2340
2343
2343
2345
2345
2346
2347
2349
2351
2353
2353
2354
2356
2357
2358
2359
2359
2360
2361
2365
2365
2367
2367
2368
2369
2370
2370
2371
2373
2374
2374
2374
2377
2378
2379
2382
2384
2385
2387
2388
2388
2389
2390
2390
2391
2392
2398
2398
2398
2399
2400
2400
2401
2401
2402
2403
2403
2403
2404
2405
2406
2407
2408
2411
2412
2412
2413
2414
2414
2415
2416
2416
2418
2421
2424
2424
2426
2427
2427
2428
2429
2430
2430
2431
2431
2433
2436
2438
2439
2439
2439
2440
2440
2440
2441
2444
2444
2444
2445
2446
2448
2449
2450
2451
2452
2452
2453
2454
2457
2458
2458
2459
2461
2463
2463
2463
2466
2467
2467
2467
2468
2468
2468
2470
2470
2470
2471
2472
2472
2472
2476
2478
2478
2480
2480
2480
2484
2484
2486
2487
2487
2488
2488
2488
2489
2490
2491
2494
2494
2494
2497
2500
2502
2504
2504
2504
2505
2506
2506
2507
2511
2512
2512
2513
2514
2515
2517
2519
2519
2520
2522
2526
2526
2526
2529
2530
2530
2531
2531
2533
2533
2533
2533
2535
2537
2538
2538
2540
2541
2541
2546
2546
2547
2548
2548
2549
2551
2551
2553
2553
2554
2555
2555
2555
2558
2561
2562
2562
2564
2565
2565
2565
2567
2567
2571
2571
2572
2572
2572
2574
2574
2576
2577
2578
2579
2579
2579
2582
2582
2582
2583
2583
2583
2584
2584
2586
2587
2588
2589
2589
2591
2592
2593
2595
2596
2597
2598
2600
2605
2610
2610
2611
2611
2612
2612
2612
2617
2618
2618
2619
2619
2619
2620
2622
2622
2623
2624
2624
2626
2628
2628
2630
2631
2631
2632
2633
2633
2634
2635
2635
2636
2636
2638
2638
2639
2639
2639
2640
2640
2641
2642
2643
2644
2644
2646
2647
2648
2650
2651
2652
2653
2653
2654
2654
2655
2657
2657
2657
2658
2658
2660
2661
2661
2662
2663
2663
2663
2664
2664
2667
2671
2672
2672
2673
2678
2678
2678
2678
2679
2680
2680
2684
2685
2685
2685
2687
2688
2688
2691
2693
2693
2695
2696
2698
2701
2702
2703
2703
2705
2707
2713
2718
2718
2719
2721
2722
2725
2725
2726
2727
2727
2728
2728
2728
2728
2730
2730
2731
2731
2731
2731
2731
2732
2732
2734
2738
2739
2739
2739
2740
2741
2741
2742
2743
2744
2744
2745
2747
2747
2747
2749
2750
2751
2751
2754
2755
2757
2759
2759
2759
2761
2762
2762
2762
2764
2765
2766
2766
2767
2768
2768
2769
2771
2771
2771
2773
2775
2775
2776
2778
2780
2782
2783
2783
2783
2784
2784
2784
2785
2786
2786
2787
2788
2789
2791
2792
2793
2795
2795
2796
2796
2796
2796
2797
2797
2798
2798
2799
2799
2799
2800
2801
2804
2804
2804
2805
2805
2807
2808
2808
2809
2810
2810
2811
2811
2813
2813
2815
2815
2816
2818
2819
2821
2822
2822
2824
2826
2826
2827
2828
2831
2833
2833
2834
2836
2837
2837
2837
2840
2840
2841
2842
2846
2846
2847
2848
2849
2849
2849
2850
2850
2852
2852
2852
2854
2855
2855
2855
2856
2856
2857
2857
2858
2859
2860
2861
2861
2862
2862
2864
2866
2868
2871
2872
2873
2874
2874
2875
2877
2878
2879
2879
2879
2880
2881
2882
2882
2886
2887
2888
2888
2889
2890
2890
2891
2891
2892
2893
2894
2894
2894
2895
2896
2897
2898
2901
2902
2902
2902
2903
2904
2904
2904
2904
2905
2908
2908
2909
2910
2913
2914
2915
2916
2918
2919
2919
2919
2921
2921
2922
2922
2923
2925
2925
2926
2926
2926
2927
2927
2929
2930
2933
2934
2935
2936
2938
2938
2938
2940
2940
2940
2941
2942
2943
2944
2944
2945
2945
2945
2946
2947
2949
2949
2950
2951
2954
2954
2955
2956
2956
2956
2958
2959
2959
2959
2961
2963
2963
2964
2965
2967
2968
2968
2969
2970
2978
2979
2981
2981
2984
2985
2987
2988
2988
2989
2990
2991
2992
2992
2992
2993
2994
2994
2995
2995
2995
2995
2996
2997
2999
3000
3003
3003
3004
3004
3005
3005
3006
3012
3014
3021
3024
3026
3026
3027
3027
3028
3028
3029
3029
3030
3031
3037
3039
3040
3040
3040
3043
3044
3046
3047
3048
3050
3050
3051
3051
3053
3053
3053
3053
3053
3053
3055
3056
3057
3057
3059
3059
3059
3060
3061
3061
3062
3063
3064
3064
3065
3065
3067
3067
3068
3068
3069
3069
3071
3072
3072
3073
3074
3075
3077
3077
3079
3080
3080
3084
3084
3085
3085
3085
3086
3087
3088
3090
3091
3092
3093
3095
3096
3097
3099
3099
3099
3100
3104
3105
3109
3109
3110
3111
3111
3111
3112
3113
3115
3117
3117
3118
3118
3118
3119
3121
3122
3123
3123
3124
3124
3125
3125
3127
3128
3130
3131
3133
3134
3135
3135
3136
3137
3137
3138
3138
3138
3139
3139
3141
3141
3144
3144
3145
3147
3148
3148
3148
3151
3151
3151
3151
3152
3154
3154
3155
3158
3159
3159
3160
3160
3161
3163
3163
3164
3166
3167
3167
3167
3168
3170
3171
3172
3173
3174
3174
3176
3176
3177
3177
3178
3178
3179
3179
3181
3182
3182
3183
3183
3184
3185
3185
3188
3189
3192
3193
3193
3194
3194
3197
3198
3199
3201
3201
3202
3207
3209
3210
3211
3212
3213
3213
3213
3214
3216
3217
3217
3219
3221
3225
3225
3226
3228
3228
3229
3230
3236
3237
3241
3241
3243
3244
3245
3245
3246
3247
3248
3249
3250
3251
3251
3252
3252
3254
3256
3257
3257
3258
3259
3259
3262
3262
3264
3264
3265
3265
3269
3270
3271
3272
3272
3273
3274
3274
3276
3276
3276
3277
3278
3278
3279
3284
3285
3285
3285
3285
3286
3286
3289
3290
3291
3292
3292
3292
3293
3294
3294
3294
3296
3296
3296
3300
3301
3301
3301
3307
3308
3308
3309
3309
3309
3311
3311
3312
3312
3313
3314
3314
3314
3315
3315
3316
3316
3316
3316
3317
3317
3318
3319
3320
3321
3323
3325
3327
3327
3327
3328
3329
3329
3331
3332
3332
3334
3334
3335
3338
3338
3339
3339
3339
3341
3342
3343
3343
3344
3346
3348
3349
3350
3351
3351
3351
3352
3352
3353
3354
3355
3355
3356
3356
3362
3363
3364
3365
3365
3365
3366
3366
3368
3369
3370
3372
3374
3375
3375
3378
3379
3380
3385
3386
3386
3387
3388
3389
3389
3389
3390
3390
3391
3392
3392
3396
3401
3402
3404
3404
3405
3405
3405
3406
3407
3411
3411
3412
3412
3413
3413
3414
3414
3414
3415
3415
3416
3417
3419
3419
3420
3422
3423
3423
3423
3424
3425
3425
3426
3427
3428
3430
3430
3433
3434
3434
3435
3436
3438
3440
3441
3442
3445
3446
3446
3447
3448
3448
3450
3450
3450
3451
3451
3451
3452
3452
3453
3456
3456
3457
3457
3457
3459
3459
3463
3463
3465
3466
3467
3467
3467
3467
3468
3468
3468
3468
3469
3469
3469
3469
3470
3471
3473
3474
3475
3478
3478
3478
3478
3478
3479
3480
3481
3481
3481
3484
3484
3484
3485
3487
3487
3488
3490
3490
3492
3493
3493
3495
3495
3496
3496
3498
3499
3499
3500
3500
3500
3501
3502
3503
3503
3504
3504
3504
3506
3506
3506
3508
3508
3508
3513
3514
3515
3515
3515
3515
3515
3518
3518
3519
3519
3519
3519
3520
3521
3521
3522
3525
3525
3525
3528
3529
3529
3531
3531
3531
3532
3533
3533
3535
3538
3538
3540
3542
3543
3544
3544
3546
3546
3547
3547
3547
3548
3548
3548
3549
3549
3550
3552
3554
3555
3556
3557
3557
3559
3560
3560
3563
3564
3564
3564
3568
3570
3570
3571
3571
3572
3572
3572
3572
3574
3578
3578
3578
3580
3580
3581
3582
3585
3585
3586
3586
3587
3588
3589
3594
3594
3597
3602
3602
3602
3602
3605
3605
3609
3613
3614
3615
3615
3618
3619
3619
3623
3623
3626
3626
3626
3627
3629
3629
3631
3632
3634
3636
3637
3637
3638
3638
3639
3640
3642
3643
3643
3644
3645
3645
3647
3648
3649
3649
3650
3651
3655
3655
3656
3656
3658
3658
3658
3658
3658
3661
3662
3663
3663
3665
3665
3668
3669
3670
3670
3671
3672
3675
3676
3678
3679
3680
3680
3684
3686
3690
3691
3692
3694
3699
3699
3700
3700
3700
3701
3704
3704
3705
3705
3706
3711
3711
3712
3712
3713
3714
3716
3718
3719
3723
3723
3724
3724
3725
3727
3727
3730
3731
3731
3731
3734
3736
3737
3739
3740
3741
3741
3741
3742
3742
3743
3745
3746
3747
3747
3750
3752
3753
3754
3755
3755
3755
3755
3756
3756
3756
3758
3761
3761
3762
3762
3764
3764
3764
3765
3766
3767
3767
3767
3769
3770
3770
3771
3776
3776
3776
3777
3778
3779
3779
3779
3779
3781
3782
3784
3785
3787
3787
3788
3789
3791
3793
3793
3793
3793
3794
3794
3795
3796
3797
3798
3798
3798
3799
3801
3803
3804
3806
3809
3810
3814
3815
3815
3815
3815
3816
3817
3819
3819
3820
3822
3822
3823
3823
3824
3828
3829
3829
3831
3831
3831
3833
3833
3834
3835
3836
3836
3837
3842
3843
3844
3844
3847
3849
3850
3851
3852
3854
3854
3855
3858
3858
3859
3859
3860
3860
3861
3864
3865
3866
3867
3867
3867
3868
3868
3869
3870
3871
3872
3873
3874
3875
3876
3877
3881
3882
3882
3882
3883
3885
3886
3888
3889
3889
3891
3895
3895
3896
3896
3896
3898
3898
3900
3900
3900
3901
3902
3902
3904
3905
3906
3906
3908
3911
3912
3914
3914
3914
3915
3916
3916
3919
3920
3922
3922
3923
3923
3923
3925
3926
3929
3931
3932
3932
3933
3934
3935
3936
3937
3937
3937
3940
3940
3940
3940
3942
3943
3943
3943
3944
3945
3946
3947
3947
3948
3948
3951
3952
3953
3954
3955
3955
3955
3956
3956
3959
3960
3961
3961
3961
3964
3965
3969
3969
3972
3973
3974
3974
3974
3975
3975
3976
3977
3978
3978
3978
3978
3979
3979
3981
3981
3982
3982
3983
3984
3987
3988
3988
3988
3988
3991
3992
3993
3995
3996
3997
3998
3998
3999
4001
4001
4002
4003
4004
4005
4005
4007
4008
4008
4009
4010
4013
4014
4016
4019
4021
4021
4024
4024
4025
4025
4027
4028
4028
4030
4030
4030
4032
4039
4039
4039
4041
4041
4042
4042
4044
4045
4045
4045
4048
4050
4051
4053
4057
4057
4057
4058
4059
4060
4060
4061
4061
4062
4062
4063
4064
4065
4066
4066
4066
4066
4069
4070
4070
4071
4071
4071
4074
4074
4078
4080
4080
4082
4082
4085
4086
4088
4092
4092
4092
4093
4093
4095
