0
1
2
2
4
6
7
8
9
9
10
11
11
14
16
18
18
19
20
22
22
23
23
24
24
24
25
25
26
26
27
29
30
34
35
36
37
37
37
38
38
40
42
46
47
50
51
53
53
54
55
56
57
57
59
59
60
61
62
63
63
63
64
65
65
65
65
67
67
67
68
68
69
69
70
70
71
72
73
73
74
75
76
78
80
80
80
81
82
82
82
84
85
85
86
86
88
90
94
98
99
100
100
100
100
104
105
106
106
108
109
109
109
111
113
114
114
114
116
117
118
118
120
121
123
125
129
130
130
130
131
132
133
133
134
137
137
138
139
140
141
142
143
144
145
145
146
147
147
148
149
149
150
151
152
152
152
156
157
157
158
158
159
161
161
163
165
166
167
167
168
169
170
170
171
173
175
175
176
176
177
177
179
179
180
180
181
181
182
182
183
184
185
186
188
190
191
191
192
193
193
193
193
194
194
194
195
196
197
197
198
198
200
201
202
202
203
203
204
204
205
207
208
209
212
212
214
214
215
216
217
218
219
219
220
221
221
221
224
224
225
227
228
230
232
232
233
234
235
238
239
239
239
241
241
242
242
244
246
247
247
250
251
251
253
253
253
255
256
257
258
258
259
260
260
262
263
266
266
267
268
269
270
272
274
274
275
275
275
275
275
276
278
278
279
282
283
283
285
286
286
290
290
291
291
292
295
295
297
297
299
300
302
303
307
307
307
309
309
309
311
312
312
314
315
315
315
315
317
318
320
320
321
322
322
326
327
328
329
330
332
333
333
334
334
338
338
339
339
340
342
343
344
344
345
347
347
348
348
350
351
352
352
353
356
356
356
357
357
357
358
358
358
359
361
362
362
362
363
364
364
365
365
366
368
368
369
369
369
371
374
374
376
376
377
378
379
379
380
380
381
381
382
382
382
384
385
386
386
386
390
392
392
393
396
396
397
399
401
402
403
408
408
408
410
411
411
412
414
416
417
418
418
418
419
420
421
421
421
422
422
425
426
426
427
430
432
433
433
435
437
438
438
438
439
441
446
447
447
450
451
452
453
454
454
454
454
457
457
457
461
462
463
464
465
468
469
470
470
470
470
472
472
473
478
478
478
479
479
480
481
482
483
483
485
485
486
489
489
490
493
494
494
495
496
496
499
500
500
500
501
503
504
505
506
507
508
508
510
510
511
513
513
513
517
518
519
519
521
521
523
523
523
523
525
526
527
528
529
532
532
533
533
535
539
540
540
540
541
544
544
545
547
548
548
551
554
554
554
555
555
556
557
558
560
563
563
564
564
565
565
565
567
567
568
570
571
572
573
573
573
574
574
575
575
575
576
577
577
577
578
579
580
581
582
583
585
586
587
590
590
592
593
593
594
594
594
596
598
599
599
599
603
603
604
606
609
609
610
615
616
619
619
622
622
623
623
624
625
625
626
628
629
629
629
629
632
633
633
633
634
635
635
637
638
638
638
639
639
642
644
645
646
647
647
649
650
650
652
653
654
654
655
655
656
658
659
659
659
661
661
662
662
663
664
665
666
667
667
668
669
669
670
672
674
674
675
676
676
676
679
679
679
680
682
682
682
683
685
685
686
687
688
689
690
690
692
692
692
694
695
697
697
698
699
699
701
702
703
703
703
703
704
704
705
706
706
708
710
713
713
713
716
720
720
721
723
725
725
727
728
728
732
732
733
733
734
734
735
735
736
738
739
742
743
743
743
743
744
746
746
747
747
748
750
751
751
751
753
755
755
757
757
758
758
758
758
759
759
760
762
762
764
764
767
767
768
770
771
772
774
775
775
777
780
780
781
782
782
784
785
786
789
790
790
790
790
791
793
793
793
794
795
795
796
799
799
800
803
803
805
805
806
806
807
807
807
807
807
809
809
810
811
811
813
814
816
816
816
816
817
820
821
822
823
824
824
825
826
832
832
833
835
835
836
840
840
841
843
843
843
846
846
847
851
852
852
853
854
854
856
858
858
858
858
859
859
860
860
860
861
863
863
863
864
865
865
866
867
867
868
869
870
870
870
871
873
876
876
877
877
878
878
879
883
883
884
884
885
887
892
892
893
893
894
896
896
896
898
899
901
902
903
903
904
905
905
906
908
909
910
914
915
915
916
916
917
918
918
919
919
920
923
924
924
925
926
927
927
927
927
929
931
932
933
933
933
933
937
937
938
943
943
944
946
946
947
948
948
949
949
949
950
951
951
953
954
954
957
958
959
960
961
961
961
962
962
964
965
966
970
971
972
973
974
974
974
976
977
977
979
981
982
982
984
984
985
985
985
986
987
989
989
993
993
994
996
996
997
997
998
999
999
1000
1001
1002
1002
1003
1006
1007
1008
1009
1009
1010
1010
1011
1013
1015
1015
1015
1016
1021
1021
1021
1022
1022
1023
1023
1025
1026
1027
1027
1027
1029
1029
1030
1031
1033
1033
1033
1034
1034
1035
1035
1037
1040
1044
1044
1045
1046
1049
1050
1051
1052
1052
1055
1056
1057
1057
1057
1057
1058
1059
1059
1062
1062
1062
1064
1066
1067
1068
1070
1070
1073
1074
1075
1076
1078
1078
1079
1080
1080
1084
1085
1085
1086
1086
1087
1090
1092
1093
1093
1094
1094
1095
1095
1099
1100
1100
1101
1101
1101
1102
1103
1103
1103
1104
1107
1107
1108
1108
1109
1109
1111
1112
1113
1113
1113
1114
1116
1120
1120
1121
1123
1123
1124
1126
1127
1127
1129
1129
1130
1132
1132
1134
1135
1135
1136
1137
1137
1137
1138
1139
1140
1141
1144
1144
1147
1149
1149
1150
1155
1155
1156
1156
1157
1158
1159
1160
1160
1160
1161
1161
1161
1162
1162
1164
1164
1164
1166
1168
1168
1173
1173
1174
1174
1174
1175
1175
1176
1177
1177
1178
1178
1178
1181
1182
1183
1186
1188
1188
1191
1195
1195
1196
1196
1199
1200
1203
1204
1205
1205
1206
1211
1212
1212
1213
1214
1215
1216
1217
1219
1222
1224
1226
1227
1229
1229
1230
1230
1231
1233
1233
1234
1236
1236
1237
1238
1238
1238
1239
1239
1239
1239
1242
1242
1243
1244
1245
1246
1248
1248
1248
1249
1249
1250
1251
1253
1254
1255
1256
1256
1258
1258
1258
1258
1259
1260
1260
1261
1261
1261
1261
1262
1262
1263
1263
1265
1265
1265
1266
1267
1267
1268
1269
1269
1271
1273
1275
1276
1277
1278
1278
1280
1281
1283
1284
1284
1285
1285
1286
1287
1288
1289
1289
1290
1291
1292
1294
1294
1295
1296
1296
1296
1297
1297
1298
1299
1299
1301
1302
1306
1306
1308
1309
1309
1310
1310
1311
1313
1313
1314
1314
1315
1315
1316
1317
1318
1318
1319
1321
1321
1323
1326
1328
1329
1330
1330
1330
1331
1332
1332
1334
1334
1335
1336
1336
1337
1337
1338
1338
1340
1340
1342
1343
1343
1345
1345
1346
1347
1348
1348
1349
1351
1352
1353
1354
1355
1355
1356
1358
1359
1362
1364
1365
1367
1369
1369
1370
1371
1371
1371
1372
1373
1373
1374
1375
1380
1380
1380
1381
1383
1384
1384
1386
1387
1387
1388
1392
1392
1393
1394
1395
1395
1397
1398
1398
1398
1399
1400
1400
1401
1401
1401
1402
1402
1403
1404
1404
1406
1406
1407
1410
1410
1412
1414
1414
1414
1414
1416
1417
1417
1420
1421
1422
1422
1423
1424
1425
1426
1429
1431
1431
1432
1434
1434
1436
1437
1437
1438
1438
1442
1443
1444
1444
1445
1446
1446
1447
1447
1447
1448
1448
1450
1451
1452
1453
1454
1454
1454
1455
1457
1459
1459
1461
1462
1462
1463
1463
1464
1465
1467
1467
1469
1471
1473
1473
1473
1475
1475
1475
1476
1477
1478
1479
1480
1481
1482
1483
1484
1486
1487
1488
1489
1490
1491
1492
1492
1493
1493
1494
1496
1496
1497
1501
1501
1501
1502
1505
1509
1510
1510
1510
1511
1512
1512
1513
1515
1516
1516
1517
1517
1518
1519
1523
1524
1524
1524
1530
1531
1532
1533
1533
1534
1535
1535
1536
1536
1537
1538
1538
1540
1540
1541
1542
1542
1542
1543
1544
1544
1545
1545
1546
1547
1548
1549
1550
1551
1551
1552
1553
1554
1557
1558
1558
1560
1561
1561
1563
1564
1567
1567
1567
1568
1571
1572
1575
1576
1576
1580
1582
1582
1583
1583
1584
1584
1584
1585
1587
1588
1588
1590
1591
1593
1593
1595
1597
1598
1599
1600
1601
1601
1602
1602
1602
1603
1603
1604
1605
1610
1611
1612
1612
1613
1614
1615
1617
1619
1619
1619
1622
1622
1623
1624
1625
1626
1627
1629
1630
1632
1632
1634
1634
1634
1635
1639
1640
1640
1640
1641
1642
1646
1646
1648
1650
1650
1651
1652
1653
1653
1654
1656
1657
1658
1658
1659
1660
1660
1660
1661
1662
1663
1664
1664
1665
1667
1667
1669
1671
1671
1673
1673
1674
1674
1674
1676
1677
1677
1678
1680
1680
1682
1683
1684
1684
1684
1684
1685
1688
1688
1689
1689
1691
1691
1691
1692
1693
1693
1693
1693
1693
1694
1694
1695
1695
1696
1696
1697
1697
1700
1700
1702
1702
1702
1703
1703
1704
1705
1707
1709
1711
1716
1716
1717
1717
1718
1720
1721
1723
1725
1725
1726
1726
1726
1727
1728
1729
1730
1731
1733
1734
1735
1736
1736
1736
1738
1738
1738
1739
1739
1741
1745
1748
1749
1749
1749
1750
1754
1756
1758
1761
1761
1762
1763
1763
1764
1764
1764
1768
1769
1770
1770
1772
1773
1773
1773
1773
1775
1775
1777
1778
1779
1779
1781
1783
1783
1784
1784
1785
1786
1786
1788
1789
1789
1790
1790
1792
1793
1794
1795
1795
1796
1796
1797
1797
1799
1802
1803
1804
1804
1805
1806
1807
1807
1808
1809
1810
1811
1811
1814
1814
1814
1815
1816
1817
1817
1818
1819
1820
1820
1821
1821
1822
1822
1826
1826
1827
1829
1830
1830
1831
1832
1833
1839
1840
1842
1843
1844
1844
1845
1846
1846
1847
1847
1847
1848
1849
1849
1849
1850
1850
1850
1851
1854
1855
1855
1856
1857
1858
1858
1858
1859
1861
1861
1862
1862
1863
1863
1864
1864
1865
1867
1869
1869
1870
1870
1875
1877
1878
1879
1879
1880
1882
1882
1884
1885
1887
1888
1891
1891
1891
1892
1892
1892
1894
1894
1896
1896
1898
1899
1900
1901
1901
1902
1902
1902
1902
1902
1904
1905
1908
1909
1910
1910
1910
1911
1912
1913
1914
1915
1915
1916
1919
1920
1924
1925
1930
1931
1933
1935
1937
1937
1937
1941
1942
1943
1944
1944
1947
1947
1951
1955
1957
1958
1959
1960
1961
1961
1962
1963
1967
1967
1967
1967
1970
1970
1972
1974
1974
1976
1978
1980
1980
1981
1982
1985
1985
1987
1987
1987
1989
1990
1991
1991
1992
1992
1995
1995
1996
1997
1998
1998
1999
1999
1999
2000
2000
2000
2004
2005
2008
2010
2010
2012
2014
2014
2017
2018
2019
2021
2022
2022
2022
2023
2025
2025
2026
2027
2028
2029
2030
2032
2035
2035
2035
2037
2039
2040
2040
2043
2045
2045
2046
2048
2049
2050
2051
2052
2053
2054
2057
2058
2060
2061
2061
2065
2066
2066
2066
2068
2069
2071
2073
2073
2073
2074
2075
2076
2076
2076
2077
2077
2078
2078
2079
2080
2080
2080
2081
2083
2083
2086
2087
2088
2088
2089
2090
2090
2092
2093
2095
2097
2099
2100
2100
2101
2101
2102
2104
2105
2106
2107
2107
2108
2108
2109
2110
2111
2112
2112
2114
2114
2115
2116
2116
2116
2121
2122
2124
2124
2125
2125
2126
2126
2126
2126
2127
2128
2128
2130
2130
2131
2131
2131
2134
2138
2139
2139
2142
2142
2142
2142
2144
2144
2144
2146
2147
2148
2149
2151
2153
2153
2155
2155
2156
2158
2159
2159
2160
2161
2162
2163
2165
2165
2167
2171
2172
2172
2174
2174
2175
2176
2177
2177
2177
2178
2178
2179
2179
2181
2181
2181
2182
2183
2185
2186
2186
2187
2188
2188
2190
2191
2193
2193
2194
2194
2194
2196
2196
2197
2199
2200
2201
2201
2201
2201
2202
2204
2205
2205
2206
2210
2210
2210
2210
2211
2212
2212
2212
2213
2214
2215
2216
2216
2216
2217
2219
2219
2220
2222
2222
2222
2224
2225
2228
2228
2229
2230
2230
2231
2231
2232
2232
2233
2234
2234
2236
2237
2237
2239
2239
2240
2240
2240
2240
2242
2243
2243
2244
2246
2246
2246
2251
2252
2253
2254
2254
2254
2254
2261
2261
2262
2264
2264
2264
2265
2266
2266
2266
2268
2270
2270
2271
2271
2272
2272
2272
2273
2273
2274
2274
2275
2275
2275
2276
2277
2279
2279
2282
2282
2282
2283
2284
2285
2285
2286
2286
2287
2287
2288
2288
2289
2290
2291
2292
2293
2293
2297
2299
2299
2299
2299
2299
2302
2303
2305
2306
2307
2308
2308
2310
2312
2313
2313
2313
2315
2317
2317
2318
2322
2322
2323
2324
2324
2325
2325
2326
2326
2327
2329
2330
2331
2334
2336
2336
2339
2339
2340
2341
2343
2343
2343
2343
2344
2344
2344
2344
2345
2347
2349
2349
2350
2354
2355
2358
2361
2362
2362
2364
2365
2367
2369
2370
2370
2371
2371
2372
2373
2374
2375
2377
2378
2378
2380
2381
2382
2383
2385
2385
2385
2386
2388
2391
2391
2393
2393
2394
2394
2394
2397
2399
2400
2400
2401
2401
2402
2404
2405
2406
2407
2408
2408
2409
2410
2410
2410
2412
2412
2414
2415
2415
2417
2417
2418
2419
2420
2421
2421
2421
2422
2423
2423
2423
2423
2424
2424
2427
2428
2429
2430
2430
2431
2432
2435
2435
2437
2437
2440
2441
2442
2442
2445
2447
2448
2448
2448
2449
2449
2449
2450
2452
2454
2455
2456
2456
2456
2456
2457
2457
2457
2457
2457
2459
2459
2460
2460
2462
2462
2463
2465
2466
2466
2466
2468
2468
2469
2470
2471
2475
2476
2478
2478
2479
2481
2481
2481
2482
2484
2484
2484
2485
2485
2486
2486
2487
2488
2489
2489
2489
2490
2491
2492
2492
2492
2494
2495
2495
2499
2499
2500
2500
2500
2502
2502
2502
2503
2504
2505
2507
2508
2509
2509
2511
2513
2514
2515
2516
2517
2518
2518
2519
2522
2523
2529
2529
2529
2529
2530
2533
2533
2536
2537
2541
2544
2544
2545
2546
2547
2548
2553
2554
2554
2554
2554
2555
2555
2555
2556
2556
2557
2558
2558
2561
2563
2566
2566
2567
2568
2568
2569
2569
2569
2570
2571
2572
2574
2574
2575
2576
2576
2576
2578
2578
2579
2579
2581
2582
2583
2583
2583
2584
2585
2587
2588
2590
2591
2592
2593
2593
2594
2595
2596
2596
2596
2596
2597
2597
2598
2599
2599
2600
2601
2602
2604
2605
2605
2605
2606
2607
2609
2609
2610
2610
2611
2612
2614
2614
2614
2614
2618
2619
2620
2622
2623
2624
2625
2626
2626
2627
2629
2630
2631
2631
2631
2632
2632
2633
2633
2635
2636
2638
2639
2639
2642
2643
2644
2647
2648
2650
2651
2651
2652
2653
2654
2655
2656
2657
2658
2659
2659
2660
2660
2660
2661
2662
2663
2664
2665
2665
2666
2666
2667
2668
2668
2670
2672
2673
2675
2675
2676
2677
2677
2677
2678
2678
2678
2679
2680
2682
2682
2684
2687
2688
2688
2688
2689
2691
2691
2694
2696
2696
2697
2698
2699
2699
2699
2700
2701
2703
2704
2704
2705
2705
2706
2706
2707
2708
2709
2709
2710
2710
2715
2717
2719
2720
2721
2721
2725
2725
2725
2726
2727
2727
2727
2727
2728
2729
2730
2733
2733
2733
2734
2734
2735
2735
2737
2737
2738
2740
2741
2742
2743
2744
2744
2746
2746
2749
2752
2753
2754
2754
2755
2756
2757
2759
2759
2759
2762
2763
2763
2764
2764
2765
2766
2766
2766
2767
2768
2768
2769
2770
2771
2772
2772
2772
2772
2773
2773
2775
2776
2777
2777
2778
2781
2781
2783
2783
2784
2784
2787
2788
2790
2793
2794
2795
2797
2798
2799
2799
2800
2800
2802
2807
2808
2810
2811
2811
2812
2812
2813
2814
2816
2817
2818
2819
2819
2820
2822
2822
2824
2825
2825
2826
2826
2826
2826
2827
2827
2828
2829
2829
2829
2830
2830
2831
2833
2833
2835
2835
2836
2836
2837
2838
2838
2839
2839
2840
2841
2842
2846
2847
2849
2850
2850
2850
2851
2854
2854
2855
2855
2856
2856
2856
2858
2860
2860
2861
2861
2862
2864
2864
2865
2868
2870
2872
2873
2874
2880
2880
2881
2881
2882
2883
2885
2886
2886
2886
2887
2888
2890
2890
2890
2892
2894
2894
2895
2895
2897
2899
2900
2901
2903
2903
2904
2904
2905
2905
2907
2907
2908
2908
2911
2913
2913
2917
2918
2918
2919
2919
2919
2920
2921
2922
2922
2925
2927
2929
2929
2929
2931
2932
2933
2936
2942
2942
2944
2945
2945
2947
2949
2950
2950
2951
2951
2952
2954
2955
2955
2956
2957
2957
2958
2958
2960
2963
2964
2966
2967
2969
2970
2971
2972
2973
2974
2974
2974
2974
2975
2976
2976
2976
2977
2977
2979
2980
2982
2982
2983
2983
2983
2986
2989
2992
2992
2992
2993
2993
2993
2994
2995
2996
2996
2997
2997
2999
3000
3000
3000
3001
3002
3003
3003
3003
3004
3006
3008
3008
3008
3009
3009
3011
3011
3011
3013
3014
3015
3015
3016
3017
3021
3023
3023
3024
3025
3027
3028
3029
3029
3031
3032
3033
3035
3036
3036
3037
3037
3038
3039
3039
3041
3041
3041
3041
3041
3041
3042
3042
3043
3045
3046
3049
3049
3050
3051
3051
3052
3054
3055
3056
3056
3058
3060
3061
3062
3062
3063
3064
3064
3065
3066
3067
3068
3068
3070
3071
3071
3074
3074
3076
3076
3076
3077
3077
3079
3079
3081
3082
3082
3083
3083
3085
3086
3088
3092
3094
3095
3095
3095
3096
3097
3100
3102
3103
3103
3104
3106
3107
3109
3112
3113
3113
3114
3114
3115
3115
3115
3116
3119
3120
3121
3121
3121
3122
3122
3122
3122
3123
3124
3125
3125
3126
3126
3128
3129
3131
3132
3134
3135
3136
3136
3136
3137
3138
3139
3141
3141
3141
3142
3143
3144
3144
3145
3147
3147
3150
3150
3151
3156
3156
3157
3158
3158
3159
3159
3159
3159
3160
3160
3161
3163
3164
3165
3166
3168
3168
3169
3169
3170
3170
3170
3171
3175
3176
3177
3179
3180
3180
3180
3183
3184
3184
3187
3187
3187
3187
3188
3189
3189
3190
3190
3190
3191
3192
3192
3192
3193
3193
3195
3196
3197
3198
3199
3200
3200
3201
3201
3201
3201
3204
3204
3205
3205
3205
3206
3206
3207
3208
3208
3208
3210
3211
3212
3215
3216
3219
3221
3221
3222
3222
3223
3223
3225
3225
3225
3226
3228
3228
3229
3229
3231
3231
3231
3233
3233
3234
3235
3235
3236
3238
3238
3239
3239
3241
3241
3242
3242
3244
3245
3245
3245
3246
3247
3247
3248
3249
3249
3250
3253
3253
3254
3255
3255
3256
3256
3256
3257
3257
3257
3257
3258
3258
3259
3259
3259
3260
3262
3263
3264
3264
3266
3267
3268
3270
3272
3273
3274
3275
3276
3276
3276
3279
3280
3281
3282
3282
3282
3282
3283
3283
3284
3284
3285
3286
3286
3287
3288
3288
3290
3292
3293
3294
3297
3297
3298
3301
3302
3304
3304
3310
3310
3311
3311
3312
3319
3320
3320
3321
3321
3322
3323
3323
3329
3329
3329
3330
3331
3332
3333
3333
3333
3333
3333
3336
3337
3337
3338
3341
3343
3344
3348
3348
3349
3349
3349
3350
3352
3354
3354
3356
3357
3357
3359
3359
3359
3361
3362
3364
3364
3368
3368
3369
3370
3370
3371
3372
3372
3372
3373
3373
3376
3380
3380
3380
3381
3382
3382
3382
3383
3384
3384
3385
3386
3387
3388
3388
3388
3389
3390
3392
3392
3394
3395
3395
3395
3396
3397
3397
3397
3398
3398
3399
3399
3401
3401
3401
3406
3406
3407
3408
3408
3408
3408
3409
3409
3409
3410
3411
3411
3411
3413
3414
3414
3415
3416
3416
3417
3417
3417
3417
3419
3421
3421
3421
3424
3425
3425
3426
3427
3428
3429
3429
3431
3433
3435
3435
3436
3436
3437
3437
3439
3439
3439
3439
3441
3442
3444
3444
3445
3447
3449
3449
3449
3451
3452
3453
3453
3454
3458
3461
3462
3464
3465
3466
3467
3467
3468
3469
3471
3474
3476
3477
3477
3478
3479
3479
3480
3480
3483
3483
3486
3487
3488
3489
3490
3491
3494
3495
3496
3500
3501
3502
3503
3504
3505
3505
3505
3506
3506
3506
3508
3509
3511
3513
3514
3521
3521
3522
3522
3524
3524
3525
3526
3526
3531
3532
3533
3533
3534
3536
3537
3539
3540
3540
3541
3542
3549
3550
3550
3550
3552
3553
3554
3556
3557
3558
3559
3559
3561
3561
3561
3562
3564
3568
3570
3571
3571
3572
3573
3575
3576
3577
3579
3580
3581
3581
3581
3582
3582
3587
3588
3588
3590
3591
3592
3593
3594
3596
3596
3597
3597
3598
3599
3600
3600
3601
3601
3602
3602
3602
3602
3605
3605
3606
3606
3607
3607
3607
3607
3613
3615
3617
3617
3618
3618
3619
3620
3620
3621
3622
3622
3623
3623
3623
3623
3624
3625
3625
3626
3626
3627
3627
3627
3628
3629
3631
3633
3635
3636
3636
3637
3637
3638
3642
3643
3643
3646
3647
3647
3648
3648
3650
3650
3650
3653
3654
3655
3656
3658
3659
3659
3659
3660
3662
3665
3665
3666
3667
3669
3669
3669
3670
3670
3671
3673
3673
3674
3674
3674
3674
3675
3676
3676
3678
3679
3680
3680
3682
3683
3684
3684
3686
3689
3690
3690
3692
3693
3694
3694
3696
3697
3698
3699
3699
3701
3702
3702
3702
3703
3703
3705
3705
3706
3707
3707
3710
3712
3714
3715
3715
3716
3717
3717
3717
3717
3717
3718
3719
3720
3721
3725
3725
3726
3726
3728
3728
3729
3729
3729
3730
3732
3732
3732
3733
3733
3734
3734
3736
3736
3737
3737
3737
3738
3740
3741
3742
3743
3745
3747
3748
3749
3750
3750
3751
3756
3756
3756
3760
3760
3765
3765
3767
3767
3768
3768
3770
3772
3773
3774
3774
3779
3780
3781
3782
3783
3783
3783
3784
3785
3786
3788
3789
3790
3790
3791
3792
3792
3792
3793
3799
3799
3801
3801
3802
3802
3802
3803
3804
3804
3805
3805
3808
3809
3810
3810
3810
3811
3812
3813
3817
3818
3818
3819
3819
3822
3822
3824
3824
3825
3828
3829
3830
3831
3834
3834
3835
3835
3836
3837
3842
3843
3844
3844
3845
3845
3846
3846
3846
3848
3848
3851
3852
3852
3853
3855
3855
3855
3861
3862
3862
3862
3865
3865
3865
3867
3867
3867
3868
3869
3871
3871
3872
3873
3873
3874
3875
3877
3878
3881
3881
3881
3883
3883
3883
3885
3885
3886
3887
3889
3889
3891
3892
3892
3892
3893
3893
3894
3894
3895
3895
3897
3897
3898
3901
3901
3902
3902
3902
3903
3904
3904
3905
3906
3907
3908
3908
3908
3911
3911
3912
3913
3914
3914
3914
3914
3914
3914
3915
3916
3916
3916
3919
3920
3920
3921
3923
3923
3923
3924
3927
3927
3928
3930
3932
3933
3933
3934
3934
3935
3937
3937
3937
3939
3940
3942
3942
3943
3945
3945
3946
3947
3950
3950
3950
3951
3951
3951
3952
3952
3953
3959
3959
3961
3961
3962
3963
3965
3966
3969
3970
3971
3971
3971
3972
3972
3974
3975
3975
3976
3977
3977
3979
3979
3981
3983
3983
3983
3983
3983
3984
3985
3986
3988
3989
3989
3989
3991
3991
3992
3994
3994
3995
3998
3999
4001
4001
4002
4004
4004
4006
4006
4006
4007
4008
4009
4010
4012
4012
4012
4015
4015
4015
4015
4018
4018
4019
4019
4020
4020
4020
4021
4022
4023
4032
4032
4035
4037
4037
4038
4039
4039
4040
4041
4042
4043
4043
4044
4044
4044
4046
4048
4048
4048
4048
4048
4050
4050
4052
4052
4053
4054
4055
4056
4057
4057
4058
4059
4059
4059
4061
4062
4063
4064
4065
4066
4067
4067
4071
4072
4073
4075
4075
4076
4077
4078
4084
4085
4086
4087
4087
4091
4091
4091
4092
4093
4096
4096
4097
4101
4103
4103
4105
4105
4107
4110
4110
4111
4111
4111
4113
4113
4114
4116
4116
4119
4121
4122
4123
4123
4123
4127
4127
4127
4128
4129
4131
4132
4133
4134
4135
4135
4135
4135
4136
4136
4136
4138
4139
4139
4141
4143
4144
4144
4146
4148
4148
4149
4153
4154
4157
4157
4160
4161
4162
4162
4164
4166
4169
4169
4171
4172
4173
4174
4175
4175
4175
4175
4175
4176
4179
4180
4180
4182
4183
4183
4183
4183
4183
4184
4184
4184
4184
4185
4186
4187
4188
4189
4189
4191
4192
4193
4193
4193
4194
4194
4194
4196
4196
4196
4197
4198
4200
4202
4203
4204
4205
4206
4206
4206
4208
4208
4209
4211
4211
4211
4212
4212
4214
4214
4215
4215
4216
4218
4218
4219
4219
4220
4220
4221
4221
4222
4223
4225
4225
4226
4227
4228
4231
4232
4233
4233
4233
4234
4236
4237
4239
4239
4240
4242
4243
4244
4245
4245
4247
4248
4248
4248
4249
4249
4250
4251
4251
4252
4254
4255
4255
4255
4255
4256
4257
4257
4260
4260
4260
4261
4262
4263
4265
4267
4269
4270
4271
4273
4273
4274
4277
4278
4282
4283
4285
4286
4288
4290
4290
4291
4291
4291
4293
4294
4294
4296
4297
4298
4298
4299
4299
4303
4305
4306
4307
4308
4308
4315
4315
4315
4315
4315
4316
4316
4317
4318
4319
4319
4319
4320
4322
4323
4324
4324
4325
4325
4325
4325
4325
4326
4326
4328
4328
4328
4329
4329
4330
4330
4331
4333
4333
4333
4333
4336
4337
4338
4338
4338
4339
4339
4339
4341
4341
4342
4343
4344
4345
4346
4347
4347
4347
4348
4348
4349
4350
4352
4352
4352
4355
4356
4356
4357
4358
4359
4362
4362
4363
4363
4364
4366
4366
4367
4367
4367
4367
4367
4368
4369
4371
4372
4373
4375
4376
4376
4377
4378
4378
4379
4379
4380
4383
4384
4385
4386
4387
4387
4388
4389
4389
4390
4390
4392
4393
4393
4394
4394
4395
4395
4399
4401
4401
4401
4402
4404
4405
4407
4408
4408
4410
4411
4412
4413
4414
4415
4416
4417
4418
4418
4420
4421
4421
4422
4423
4424
4425
4427
4427
4427
4428
4429
4430
4430
4431
4431
4432
4432
4433
4433
4433
4434
4435
4435
4437
4440
4442
4445
4445
4446
4446
4447
4448
4449
4449
4449
4449
4449
4450
4451
4451
4451
4453
4454
4454
4455
4456
4458
4459
4461
4462
4462
4463
4464
4465
4466
4467
4467
4467
4470
4472
4473
4476
4477
4480
4480
4480
4481
4481
4481
4484
4486
4487
4488
4489
4489
4490
4491
4493
4493
4494
4495
4495
4495
4496
4496
4498
4499
4499
4500
4500
4504
4504
4504
4505
4509
4513
4514
4514
4514
4515
4515
4516
4516
4516
4516
4517
4517
4517
4517
4518
4521
4523
4528
4530
4531
4533
4534
4535
4536
4536
4537
4539
4539
4540
4543
4543
4544
4544
4545
4546
4548
4548
4549
4551
4553
4554
4554
4554
4555
4556
4556
4557
4561
4563
4564
4566
4566
4568
4568
4568
4569
4569
4569
4571
4571
4571
4572
4573
4573
4575
4576
4576
4576
4578
4578
4578
4579
4580
4581
4581
4581
4581
4583
4584
4586
4587
4589
4590
4591
4594
4594
4594
4595
4596
4597
4597
4597
4597
4597
4600
4601
4601
4602
4602
4604
4604
4605
4605
4606
4606
4606
4606
4607
4607
4607
4607
4607
4608
4608
4609
4610
4611
4612
4617
4617
4619
4619
4619
4620
4620
4621
4621
4622
4623
4623
4624
4624
4624
4625
4625
4625
4626
4626
4626
4627
4628
4630
4632
4632
4633
4634
4634
4634
4635
4637
4642
4643
4643
4644
4644
4644
4646
4646
4646
4647
4648
4649
4649
4650
4653
4656
4658
4658
4659
4662
4663
4667
4667
4670
4670
4672
4672
4672
4674
4676
4677
4677
4680
4682
4688
4689
4690
4691
4696
4697
4697
4698
4698
4698
4701
4701
4701
4702
4705
4707
4708
4710
4710
4710
4712
4713
4713
4715
4715
4717
4717
4717
4717
4717
4717
4718
4719
4721
4722
4722
4723
4724
4724
4725
4726
4726
4726
4726
4727
4728
4728
4729
4730
4731
4732
4733
4735
4737
4741
4744
4744
4744
4746
4747
4748
4748
4749
4750
4751
4752
4753
4755
4757
4758
4758
4759
4759
4760
4761
4761
4763
4765
4768
4769
4770
4772
4772
4772
4772
4772
4773
4775
4776
4778
4781
4782
4782
4782
4783
4784
4785
4786
4786
4787
4788
4789
4789
4789
4790
4790
4791
4792
4793
4796
4796
4797
4798
4798
4798
4798
4798
4799
4800
4801
4802
4803
4804
4805
4805
4805
4808
4810
4811
4812
4813
4814
4815
4815
4816
4817
4817
4818
4820
4820
4821
4822
4822
4823
4824
4824
4824
4824
4824
4827
4828
4831
4832
4832
4836
4837
4838
4838
4838
4838
4839
4839
4841
4841
4841
4842
4844
4846
4847
4849
4851
4851
4851
4852
4854
4859
4860
4863
4863
4863
4864
4866
4868
4868
4869
4870
4871
4872
4872
4875
4875
4875
4877
4879
4879
4879
4880
4880
4883
4884
4884
4886
4886
4887
4887
4888
4890
4890
4893
4895
4897
4899
4901
4904
4906
4910
4910
4911
4912
4913
4914
4916
4918
4921
4922
4924
4924
4924
4925
4925
4927
4927
4927
4927
4928
4929
4930
4931
4931
4932
4933
4933
4934
4934
4937
4939
4939
4940
4941
4941
4941
4945
4945
4946
4946
4946
4946
4948
4949
4950
4954
4954
4954
4955
4961
4961
4963
4964
4964
4966
4967
4967
4969
4969
4969
4969
4970
4970
4971
4972
4973
4974
4978
4978
4979
4980
4980
4981
4982
4983
4983
4983
4983
4985
4987
4990
4990
4991
4991
4992
4993
4994
4995
4995
4998
4998
5001
5001
5001
5003
5004
5005
5008
5008
5008
5008
5009
5010
5013
5014
5014
5016
5016
5018
5018
5019
5021
5022
5023
5024
5024
5025
5026
5026
5027
5028
5029
5031
5031
5032
5032
5032
5034
5035
5035
5036
5036
5036
5038
5040
5040
5041
5042
5043
5045
5046
5047
5049
5050
5050
5053
5053
5055
5055
5057
5057
5058
5058
5058
5058
5060
5060
5064
5065
5065
5065
5067
5067
5069
5070
5071
5075
5077
5078
5078
5080
5081
5082
5082
5084
5084
5086
5087
5088
5090
5091
5093
5093
5093
5097
5098
5098
5102
5102
5105
5110
5110
5110
5112
5112
5112
5113
5113
5114
5116
5117
5118
5119
5119
5120
5120
5121
5121
5124
5124
5124
5125
5125
5125
5126
5131
5131
5132
5134
5134
5136
5138
5138
5138
5139
5139
5141
5141
5142
5143
5145
5148
5149
5151
5152
5152
5152
5155
5157
5158
5158
5158
5161
5161
5162
5163
5163
5168
5168
5168
5169
5169
5169
5169
5171
5171
5172
5173
5174
5175
5175
5176
5177
5179
5181
5185
5187
5187
5187
5187
5188
5189
5190
5191
5191
5191
5194
5194
5195
5197
5197
5198
5198
5199
5200
5200
5201
5201
5201
5202
5203
5204
5204
5205
5206
5206
5208
5209
5211
5213
5213
5214
5217
5218
5218
5218
5219
5219
5220
5220
5220
5221
5222
5222
5225
5225
5225
5226
5227
5229
5229
5229
5230
5231
5231
5231
5233
5233
5235
5235
5237
5237
5238
5241
5241
5242
5243
5243
5245
5245
5246
5247
5252
5253
5258
5259
5259
5260
5262
5263
5263
5263
5265
5266
5269
5271
5273
5274
5276
5276
5278
5278
5279
5279
5282
5282
5283
5285
5285
5285
5286
5286
5286
5290
5290
5290
5291
5291
5294
5294
5296
5297
5298
5300
5300
5300
5302
5304
5306
5306
5307
5308
5310
5310
5311
5311
5313
5316
5319
5319
5319
5320
5322
5323
5324
5326
5328
5328
5330
5331
5331
5332
5332
5336
5336
5337
5338
5338
5340
5341
5344
5344
5346
5347
5347
5347
5349
5352
5356
5356
5357
5357
5359
5359
5360
5360
5360
5361
5363
5366
5367
5368
5369
5371
5372
5373
5374
5374
5374
5375
5376
5377
5378
5380
5380
5381
5383
5384
5385
5386
5387
5387
5389
5389
5389
5389
5389
5395
5395
5395
5397
5398
5398
5398
5399
5399
5400
5402
5405
5405
5405
5405
5405
5405
5405
5406
5408
5408
5411
5412
5412
5413
5416
5416
5416
5417
5417
5418
5418
5418
5421
5421
5421
5424
5427
5435
5435
5435
5436
5436
5440
5442
5442
5443
5444
5445
5445
5446
5448
5449
5451
5451
5452
5452
5453
5453
5455
5456
5458
5459
5459
5460
5460
5462
5462
5464
5465
5467
5467
5468
5468
5470
5470
5470
5471
5472
5473
5475
5477
5477
5477
5479
5480
5482
5483
5484
5484
5484
5486
5486
5486
5487
5488
5489
5490
5490
5491
5492
5495
5495
5496
5496
5497
5497
5498
5500
5500
5501
5501
5501
5502
5504
5505
5507
5507
5507
5507
5509
5510
5511
5512
5513
5513
5515
5516
5520
5520
5522
5522
5523
5523
5524
5524
5525
5526
5526
5527
5528
5530
5530
5530
5531
5533
5533
5535
5535
5540
5541
5542
5546
5547
5550
5551
5553
5553
5555
5556
5558
5559
5559
5559
5559
5560
5560
5560
5561
5561
5561
5562
5562
5562
5563
5565
5566
5568
5568
5571
5575
5575
5576
5576
5577
5577
5581
5582
5582
5582
5583
5584
5587
5588
5588
5590
5591
5593
5594
5597
5597
5598
5598
5601
5604
5606
5606
5607
5607
5608
5608
5609
5610
5610
5612
5613
5615
5617
5620
5621
5623
5623
5629
5629
5630
5633
5635
5639
5639
5641
5642
5644
5644
5644
5644
5646
5647
5648
5649
5649
5651
5653
5653
5653
5654
5655
5656
5657
5658
5659
5661
5661
5661
5663
5663
5664
5666
5668
5672
5673
5674
5674
5674
5677
5677
5677
5678
5680
5681
5681
5682
5686
5688
5688
5689
5689
5691
5692
5695
5696
5697
5698
5698
5700
5700
5700
5701
5703
5704
5704
5706
5706
5707
5707
5707
5708
5708
5712
5712
5714
5718
5718
5719
5719
5720
5722
5723
5724
5725
5726
5728
5729
5730
5732
5735
5739
5739
5739
5740
5741
5743
5743
5744
5744
5746
5746
5747
5747
5747
5748
5748
5748
5748
5749
5749
5749
5750
5750
5752
5752
5753
5755
5757
5758
5761
5763
5764
5767
5768
5769
5769
5769
5770
5771
5771
5771
5772
5774
5776
5776
5777
5777
5777
5779
5779
5781
5783
5783
5785
5786
5787
5789
5793
5794
5794
5796
5796
5799
5801
5803
5805
5806
5810
5811
5811
5815
5815
5819
5819
5821
5821
5821
5822
5822
5825
5826
5830
5830
5833
5834
5836
5837
5838
5839
5843
5845
5845
5845
5847
5847
5847
5850
5850
5852
5853
5855
5856
5856
5857
5858
5858
5859
5860
5860
5860
5861
5863
5863
5863
5863
5867
5867
5867
5868
5869
5871
5872
5872
5873
5877
5877
5878
5879
5881
5882
5883
5883
5885
5885
5885
5885
5887
5890
5891
5894
5894
5894
5894
5896
5897
5898
5898
5901
5902
5907
5908
5909
5912
5914
5916
5916
5917
5918
5919
5919
5920
5921
5921
5921
5921
5922
5923
5923
5924
5926
5926
5926
5927
5928
5928
5928
5931
5931
5931
5931
5931
5933
5937
5937
5937
5938
5938
5938
5943
5943
5943
5945
5945
5945
5946
5947
5948
5950
5950
5950
5950
5951
5952
5953
5954
5956
5958
5959
5960
5961
5962
5964
5965
5965
5966
5967
5968
5971
5972
5972
5973
5974
5975
5976
5977
5978
5979
5980
5980
5981
5982
5984
5985
5985
5985
5986
5986
5986
5987
5987
5989
5992
5993
5997
5998
6001
6001
6002
6004
6004
6005
6006
6007
6007
6007
6007
6008
6008
6009
6009
6010
6010
6012
6013
6014
6015
6015
6016
6016
6016
6017
6019
6019
6019
6020
6022
6025
6026
6027
6027
6027
6028
6028
6030
6031
6034
6036
6039
6043
6044
6045
6045
6045
6046
6050
6051
6052
6053
6053
6054
6055
6058
6058
6060
6063
6067
6067
6069
6070
6072
6072
6073
6074
6075
6076
6077
6078
6079
6079
6079
6081
6082
6083
6084
6085
6085
6086
6086
6089
6091
6091
6094
6095
6097
6098
6099
6101
6101
6102
6103
6103
6106
6107
6110
6110
6111
6112
6113
6113
6113
6114
6114
6115
6116
6116
6119
6119
6120
6120
6120
6121
6121
6124
6124
6125
6125
6126
6127
6127
6128
6131
6131
6132
6133
6133
6134
6136
6136
6137
6137
6140
6141
6141
6141
6143
6145
6146
6147
6147
6148
6149
6150
6150
6151
6154
6155
6156
6157
6159
6160
6161
6165
6166
6172
6172
6172
6172
6172
6173
6173
6174
6175
6175
6175
6176
6177
6178
6178
6178
6180
6180
6182
6182
6183
6183
6186
6186
6188
6190
6191
6192
6193
6197
6199
6201
6201
6202
6202
6202
6204
6204
6206
6206
6207
6207
6208
6208
6209
6209
6210
6210
6210
6211
6212
6215
6216
6218
6218
6218
6219
6220
6220
6223
6226
6227
6229
6230
6232
6233
6233
6233
6236
6237
6239
6239
6239
6240
6241
6242
6243
6245
6245
6247
6248
6250
6250
6250
6251
6252
6256
6259
6259
6259
6259
6261
6261
6263
6264
6266
6268
6268
6269
6272
6272
6272
6272
6275
6276
6276
6277
6278
6279
6280
6282
6285
6286
6286
6286
6286
6287
6290
6291
6291
6291
6292
6294
6295
6296
6297
6297
6298
6299
6300
6300
6300
6301
6304
6305
6305
6306
6308
6309
6309
6311
6312
6312
6313
6314
6316
6318
6318
6319
6320
6320
6321
6322
6322
6324
6325
6325
6325
6326
6327
6327
6328
6329
6330
6331
6331
6332
6332
6333
6333
6333
6334
6334
6335
6336
6336
6337
6338
6338
6338
6339
6340
6342
6342
6345
6345
6346
6346
6346
6346
6347
6348
6351
6352
6354
6355
6355
6355
6358
6359
6361
6362
6362
6364
6366
6367
6368
6371
6371
6372
6373
6374
6374
6375
6375
6376
6376
6377
6377
6378
6379
6379
6379
6380
6380
6381
6381
6384
6385
6385
6386
6386
6388
6390
6392
6392
6395
6397
6398
6398
6401
6402
6403
6404
6407
6408
6410
6410
6411
6411
6412
6413
6414
6414
6416
6416
6416
6417
6417
6418
6420
6421
6422
6422
6422
6423
6424
6425
6425
6426
6426
6427
6428
6428
6429
6431
6432
6433
6434
6436
6436
6438
6439
6440
6441
6441
6442
6444
6444
6444
6447
6447
6447
6448
6448
6449
6452
6452
6452
6453
6453
6455
6455
6455
6456
6456
6458
6462
6462
6463
6463
6464
6464
6467
6468
6469
6469
6471
6472
6473
6474
6476
6478
6479
6480
6480
6482
6483
6483
6483
6486
6487
6487
6488
6488
6490
6491
6492
6492
6493
6495
6496
6496
6501
6501
6502
6504
6504
6505
6506
6506
6507
6508
6509
6510
6510
6510
6515
6516
6516
6517
6519
6520
6522
6523
6524
6525
6529
6529
6530
6532
6533
6534
6534
6534
6536
6536
6537
6537
6538
6538
6538
6539
6539
6540
6541
6541
6542
6542
6542
6543
6543
6544
6546
6546
6550
6550
6550
6551
6552
6552
6552
6554
6555
6555
6557
6557
6557
6557
6559
6559
6559
6563
6563
6563
6564
6565
6568
6568
6569
6570
6570
6570
6571
6572
6574
6574
6576
6576
6576
6577
6577
6578
6578
6579
6584
6585
6587
6590
6591
6591
6594
6594
6595
6595
6596
6598
6602
6602
6604
6605
6605
6609
6614
6615
6615
6615
6616
6617
6619
6619
6621
6623
6624
6625
6626
6626
6627
6627
6627
6628
6628
6633
6634
6635
6635
6636
6637
6637
6638
6639
6641
6641
6642
6642
6643
6643
6643
6645
6645
6646
6647
6647
6648
6648
6649
6649
6650
6650
6651
6652
6656
6657
6658
6658
6659
6659
6660
6660
6661
6661
6666
6666
6670
6671
6671
6672
6673
6674
6676
6677
6678
6678
6679
6680
6681
6681
6682
6683
6684
6686
6688
6689
6690
6691
6691
6691
6692
6693
6693
6693
6694
6695
6696
6697
6698
6700
6700
6701
6706
6709
6709
6710
6715
6715
6716
6716
6719
6719
6720
6723
6724
6724
6724
6725
6726
6726
6726
6727
6727
6728
6729
6729
6734
6735
6737
6738
6738
6740
6740
6740
6742
6744
6749
6750
6753
6753
6755
6755
6757
6757
6759
6761
6761
6762
6765
6769
6770
6771
6771
6774
6774
6774
6775
6775
6775
6777
6778
6779
6779
6781
6785
6788
6788
6792
6793
6794
6794
6797
6797
6797
6799
6801
6801
6802
6802
6807
6808
6810
6810
6810
6812
6815
6816
6816
6818
6818
6818
6819
6820
6822
6822
6824
6826
6826
6827
6827
6828
6828
6829
6829
6830
6831
6832
6833
6835
6836
6837
6838
6838
6840
6842
6843
6845
6847
6847
6850
6851
6851
6853
6853
6854
6854
6854
6858
6860
6861
6861
6861
6862
6866
6868
6870
6871
6871
6872
6875
6875
6876
6877
6877
6878
6878
6878
6878
6879
6879
6880
6881
6881
6883
6884
6885
6886
6886
6889
6891
6893
6894
6894
6897
6898
6898
6898
6900
6900
6901
6901
6903
6904
6906
6907
6907
6909
6909
6910
6910
6911
6914
6915
6919
6919
6919
6919
6919
6923
6923
6924
6924
6926
6928
6928
6930
6933
6934
6935
6935
6936
6937
6938
6939
6939
6940
6942
6942
6945
6945
6946
6948
6949
6952
6952
6953
6955
6956
6956
6956
6958
6961
6963
6964
6967
6967
6968
6969
6970
6971
6971
6973
6975
6975
6976
6977
6978
6981
6983
6984
6984
6985
6987
6988
6988
6988
6989
6990
6990
6990
6991
6992
6992
6994
6995
6996
6997
6998
6999
7000
7001
7002
7002
7002
7003
7005
7006
7011
7012
7013
7016
7017
7018
7020
7020
7022
7024
7024
7024
7024
7026
7027
7027
7034
7036
7037
7038
7038
7042
7043
7044
7044
7044
7044
7044
7045
7045
7045
7045
7045
7046
7048
7049
7049
7050
7052
7053
7054
7056
7056
7057
7058
7058
7059
7060
7060
7061
7062
7062
7063
7064
7064
7064
7065
7065
7065
7066
7066
7066
7067
7067
7067
7068
7068
7069
7070
7070
7072
7072
7073
7073
7074
7075
7078
7079
7079
7081
7082
7083
7083
7085
7085
7086
7086
7088
7090
7092
7092
7092
7093
7093
7094
7095
7096
7097
7098
7099
7101
7102
7106
7107
7112
7118
7120
7122
7123
7124
7125
7125
7126
7127
7128
7131
7132
7134
7134
7134
7135
7135
7136
7137
7142
7143
7144
7144
7146
7147
7147
7151
7151
7152
7156
7156
7160
7161
7161
7163
7165
7165
7167
7167
7167
7168
7170
7170
7171
7171
7172
7173
7174
7174
7176
7178
7181
7182
7183
7183
7184
7185
7185
7186
7187
7188
7188
7189
7190
7190
7190
7192
7193
7195
7195
7195
7195
7196
7197
7198
7198
7199
7200
7200
7203
7203
7204
7204
7205
7206
7207
7208
7208
7210
7211
7214
7214
7218
7219
7219
7220
7222
7223
7225
7225
7225
7226
7226
7227
7227
7229
7231
7233
7233
7233
7233
7234
7236
7239
7241
7241
7242
7248
7248
7248
7250
7251
7251
7251
7252
7252
7254
7258
7260
7260
7261
7261
7263
7265
7267
7267
7268
7270
7271
7272
7272
7272
7272
7273
7274
7274
7275
7275
7275
7277
7279
7281
7281
7282
7282
7282
7293
7293
7293
7295
7296
7296
7297
7298
7299
7300
7303
7304
7305
7307
7307
7307
7308
7309
7309
7309
7309
7310
7310
7311
7311
7312
7312
7313
7314
7314
7315
7316
7317
7317
7319
7323
7324
7325
7325
7326
7326
7328
7328
7330
7330
7330
7335
7336
7337
7338
7339
7339
7341
7342
7342
7342
7345
7348
7351
7351
7352
7354
7355
7355
7355
7356
7357
7358
7359
7361
7362
7363
7364
7365
7365
7365
7367
7368
7368
7375
7376
7376
7376
7376
7377
7377
7378
7378
7378
7378
7379
7379
7380
7380
7381
7382
7384
7385
7386
7388
7388
7388
7390
7391
7392
7393
7394
7394
7395
7395
7395
7397
7397
7398
7398
7398
7398
7400
7400
7402
7402
7402
7402
7404
7406
7408
7410
7410
7412
7413
7414
7414
7414
7414
7415
7416
7417
7418
7418
7420
7424
7425
7425
7425
7428
7428
7429
7430
7432
7432
7432
7436
7441
7441
7443
7444
7447
7448
7448
7449
7449
7450
7452
7452
7453
7453
7453
7455
7455
7456
7458
7458
7460
7463
7464
7464
7469
7470
7470
7474
7474
7475
7476
7477
7479
7480
7480
7481
7482
7482
7483
7485
7485
7486
7486
7486
7487
7488
7488
7490
7490
7490
7491
7491
7492
7492
7493
7494
7495
7496
7496
7498
7499
7499
7499
7500
7502
7503
7504
7504
7506
7507
7508
7509
7511
7512
7512
7512
7514
7517
7517
7519
7521
7521
7521
7524
7524
7524
7526
7530
7530
7532
7532
7533
7535
7536
7536
7541
7541
7543
7543
7544
7544
7544
7545
7547
7547
7548
7548
7549
7550
7551
7553
7554
7557
7558
7561
7564
7565
7570
7570
7571
7571
7572
7573
7574
7574
7575
7575
7578
7578
7580
7581
7583
7583
7583
7585
7586
7588
7588
7590
7590
7591
7592
7593
7594
7595
7596
7596
7597
7597
7599
7601
7601
7603
7604
7605
7606
7606
7606
7606
7607
7608
7608
7609
7610
7610
7611
7612
7612
7613
7614
7615
7615
7615
7616
7616
7617
7617
7617
7618
7619
7622
7623
7624
7628
7629
7629
7631
7632
7633
7636
7636
7637
7637
7638
7639
7640
7640
7641
7643
7645
7647
7648
7650
7650
7651
7651
7652
7652
7652
7653
7653
7653
7653
7654
7654
7655
7657
7657
7659
7660
7661
7662
7662
7664
7664
7664
7666
7667
7670
7670
7670
7672
7672
7672
7673
7674
7674
7675
7676
7677
7677
7677
7678
7679
7680
7682
7682
7683
7690
7694
7695
7697
7697
7700
7700
7701
7701
7701
7701
7703
7703
7706
7708
7709
7710
7714
7714
7714
7714
7715
7716
7716
7717
7717
7718
7718
7719
7720
7722
7724
7725
7726
7728
7728
7729
7730
7730
7731
7731
7731
7731
7731
7732
7733
7733
7734
7734
7735
7735
7736
7738
7741
7742
7742
7744
7745
7745
7745
7746
7747
7747
7748
7750
7751
7751
7752
7752
7752
7754
7755
7756
7756
7756
7756
7759
7759
7760
7760
7760
7761
7761
7761
7761
7761
7762
7762
7762
7764
7765
7767
7767
7767
7768
7769
7771
7771
7772
7772
7773
7773
7774
7776
7777
7777
7781
7781
7782
7782
7783
7784
7785
7786
7789
7791
7791
7792
7794
7794
7795
7796
7797
7797
7798
7800
7800
7800
7801
7803
7803
7803
7804
7804
7805
7806
7806
7807
7808
7810
7811
7812
7814
7816
7817
7817
7817
7817
7818
7818
7819
7819
7822
7823
7825
7826
7826
7828
7830
7831
7831
7832
7838
7838
7840
7840
7841
7841
7843
7846
7848
7849
7850
7851
7852
7854
7854
7855
7857
7860
7862
7862
7863
7863
7864
7865
7866
7866
7866
7867
7867
7868
7868
7870
7870
7873
7874
7874
7875
7876
7876
7877
7877
7879
7879
7880
7881
7882
7883
7883
7884
7886
7887
7889
7889
7890
7890
7892
7892
7894
7894
7894
7896
7898
7898
7899
7899
7902
7903
7906
7906
7907
7908
7908
7908
7909
7910
7910
7913
7914
7914
7915
7916
7919
7919
7920
7920
7921
7921
7921
7922
7924
7927
7929
7931
7932
7932
7932
7933
7934
7934
7934
7935
7936
7938
7939
7940
7940
7942
7944
7944
7945
7945
7947
7947
7949
7949
7950
7950
7951
7953
7955
7955
7957
7957
7957
7958
7959
7959
7959
7962
7963
7968
7969
7969
7970
7971
7973
7973
7974
7975
7975
7976
7976
7979
7979
7982
7982
7983
7983
7983
7989
7991
7993
7994
7994
7995
7995
7996
7997
8000
8000
8002
8004
8004
8006
8006
8006
8006
8007
8007
8008
8009
8009
8010
8010
8012
8013
8013
8013
8014
8015
8017
8017
8019
8019
8019
8021
8022
8022
8024
8028
8028
8029
8031
8031
8032
8032
8032
8032
8032
8033
8034
8034
8038
8038
8040
8043
8045
8046
8050
8051
8051
8052
8052
8053
8056
8057
8061
8062
8062
8063
8065
8065
8066
8068
8069
8071
8071
8072
8076
8076
8078
8078
8078
8079
8082
8084
8087
8087
8088
8090
8090
8090
8090
8091
8091
8091
8093
8097
8098
8098
8099
8099
8100
8101
8101
8102
8104
8105
8106
8108
8109
8109
8110
8112
8113
8115
8115
8116
8118
8118
8119
8121
8122
8123
8125
8127
8129
8129
8129
8130
8131
8134
8135
8137
8137
8139
8139
8141
8142
8143
8144
8145
8146
8147
8150
8152
8153
8153
8155
8155
8155
8155
8157
8157
8157
8160
8161
8161
8161
8161
8162
8167
8167
8167
8169
8174
8175
8176
8176
8176
8178
8178
8179
8181
8183
8183
8183
8183
8184
8184
8185
8191
8191
8192
8192
8193
8194
8194
8196
8196
8196
8197
8197
8197
8198
8199
8199
8199
8201
8202
8204
8206
8206
8207
8208
8209
8210
8211
8212
8215
8216
8216
8217
8217
8217
8220
8222
8224
8224
8225
8225
8225
8225
8228
8228
8229
8229
8230
8231
8231
8232
8233
8236
8236
8237
8238
8240
8241
8241
8243
8244
8245
8245
8247
8248
8249
8249
8249
8251
8251
8251
8254
8255
8255
8258
8259
8260
8262
8262
8263
8263
8264
8264
8265
8266
8268
8269
8270
8270
8270
8272
8272
8274
8275
8276
8277
8277
8278
8281
8282
8282
8282
8284
8285
8287
8287
8288
8290
8290
8291
8291
8291
8292
8294
8294
8294
8295
8296
8297
8299
8300
8300
8300
8301
8301
8303
8303
8305
8306
8307
8308
8309
8309
8310
8312
8314
8315
8315
8316
8317
8318
8320
8321
8324
8328
8329
8329
8329
8329
8330
8330
8330
8331
8331
8331
8331
8335
8335
8336
8337
8338
8338
8339
8340
8341
8341
8342
8342
8342
8343
8344
8345
8346
8347
8348
8348
8349
8351
8353
8354
8355
8359
8359
8360
8361
8361
8361
8361
8365
8367
8367
8367
8368
8368
8369
8370
8371
8372
8374
8376
8376
8377
8377
8378
8379
8379
8380
8381
8382
8385
8385
8386
8386
8387
8388
8388
8388
8388
8388
8389
8389
8391
8391
8394
8394
8395
8396
8396
8397
8398
8398
8398
8399
8399
8400
8402
8402
8403
8405
8406
8407
8408
8408
8410
8410
8411
8411
8413
8413
8414
8414
8416
8416
8416
8416
8418
8418
8419
8419
8421
8421
8422
8425
8426
8428
8429
8429
8429
8430
8430
8431
8431
8432
8432
8434
8434
8435
8435
8435
8436
8437
8438
8438
8439
8442
8448
8450
8452
8454
8455
8455
8456
8456
8456
8458
8458
8460
8462
8463
8464
8465
8465
8466
8466
8467
8469
8469
8471
8472
8474
8479
8479
8479
8481
8481
8482
8484
8485
8487
8489
8490
8490
8492
8493
8493
8493
8494
8495
8495
8496
8496
8498
8501
8503
8505
8507
8507
8508
8509
8511
8512
8513
8513
8514
8516
8516
8516
8517
8518
8518
8518
8519
8520
8522
8523
8524
8524
8525
8526
8526
8527
8528
8529
8530
8530
8530
8530
8530
8531
8531
8532
8533
8535
8538
8540
8543
8546
8546
8546
8546
8547
8547
8548
8548
8548
8550
8552
8554
8555
8556
8559
8563
8564
8564
8565
8565
8565
8567
8569
8569
8570
8570
8570
8571
8571
8572
8572
8572
8573
8574
8578
8579
8579
8580
8580
8580
8581
8582
8583
8584
8584
8584
8586
8588
8589
8590
8590
8592
8592
8593
8593
8596
8599
8599
8599
8600
8600
8601
8602
8603
8605
8605
8606
8606
8606
8607
8607
8607
8611
8611
8612
8612
8612
8612
8612
8616
8618
8618
8619
8619
8619
8619
8621
8621
8621
8621
8621
8623
8625
8626
8628
8629
8629
8629
8630
8630
8633
8634
8634
8634
8634
8636
8636
8638
8638
8639
8640
8641
8642
8642
8643
8644
8644
8644
8645
8645
8646
8647
8647
8649
8651
8651
8653
8653
8655
8656
8656
8656
8657
8657
8658
8659
8659
8659
8661
8666
8666
8667
8667
8668
8670
8670
8670
8673
8673
8673
8673
8674
8674
8674
8675
8676
8678
8679
8681
8681
8681
8682
8682
8683
8683
8684
8685
8688
8690
8690
8690
8691
8691
8691
8695
8696
8696
8699
8700
8701
8702
8702
8702
8703
8705
8708
8710
8711
8712
8712
8713
8715
8716
8717
8717
8717
8717
8721
8722
8723
8724
8727
8728
8728
8729
8729
8730
8730
8730
8731
8732
8734
8734
8735
8736
8736
8736
8737
8737
8738
8739
8741
8742
8743
8747
8747
8748
8748
8749
8751
8753
8753
8758
8758
8759
8759
8760
8760
8762
8762
8763
8763
8763
8764
8764
8767
8767
8768
8768
8769
8769
8771
8773
8775
8780
8781
8781
8782
8782
8782
8783
8783
8785
8785
8785
8786
8786
8787
8788
8788
8791
8791
8792
8794
8795
8797
8798
8799
8803
8803
8805
8805
8807
8807
8808
8808
8810
8812
8814
8815
8818
8818
8819
8819
8819
8822
8823
8823
8824
8824
8824
8824
8826
8826
8826
8830
8830
8831
8831
8833
8833
8833
8835
8835
8837
8838
8839
8840
8841
8842
8843
8844
8845
8845
8846
8847
8848
8848
8849
8850
8850
8852
8852
8855
8856
8857
8858
8860
8865
8865
8868
8870
8870
8875
8876
8878
8880
8880
8885
8885
8885
8886
8887
8887
8888
8893
8894
8897
8898
8899
8899
8899
8900
8900
8900
8900
8901
8903
8903
8905
8905
8906
8908
8908
8908
8910
8912
8912
8912
8914
8916
8916
8918
8920
8922
8922
8923
8925
8925
8925
8926
8926
8930
8932
8934
8936
8937
8938
8939
8940
8941
8943
8944
8944
8945
8947
8949
8949
8950
8951
8951
8951
8952
8952
8954
8957
8957
8958
8958
8958
8959
8960
8960
8961
8961
8961
8961
8962
8963
8965
8966
8967
8968
8968
8968
8970
8971
8971
8972
8972
8976
8978
8978
8979
8981
8981
8982
8984
8984
8985
8986
8986
8986
8987
8988
8989
8989
8993
8993
8993
8994
8994
8994
8997
8997
8998
8999
8999
9000
9002
9004
9005
9006
9008
9009
9010
9011
9011
9012
9013
9014
9016
9016
9016
9017
9019
9019
9021
9022
9023
9025
9025
9027
9028
9030
9031
9033
9038
9041
9041
9045
9046
9048
9049
9049
9049
9050
9050
9051
9051
9053
9054
9055
9055
9056
9057
9057
9059
9059
9061
9062
9066
9066
9068
9069
9071
9072
9075
9075
9076
9077
9077
9078
9078
9078
9082
9082
9084
9085
9085
9086
9086
9087
9088
9089
9089
9090
9092
9094
9096
9097
9098
9099
9099
9101
9103
9103
9103
9105
9105
9105
9105
9107
9108
9109
9109
9110
9110
9110
9111
9112
9112
9113
9113
9113
9113
9114
9114
9115
9117
9119
9119
9122
9123
9123
9128
9130
9130
9131
9131
9132
9134
9135
9135
9136
9136
9136
9143
9143
9144
9145
9150
9150
9153
9153
9154
9154
9155
9156
9156
9159
9162
9163
9163
9164
9166
9166
9167
9168
9171
9172
9173
9174
9175
9175
9175
9176
9177
9177
9178
9179
9179
9180
9181
9181
9181
9181
9181
9181
9184
9184
9186
9186
9187
9188
9188
9188
9189
9189
9189
9190
9191
9193
9193
9195
9196
9197
9197
9199
9202
9202
9203
9204
9205
9206
9207
9207
9209
9210
9211
9211
9212
9212
9212
9212
9213
9213
9213
9214
9214
9215
9215
9218
9220
9221
9222
9227
9227
9227
9227
9230
9231
9231
9231
9234
9234
9235
9236
9237
9238
9240
9241
9241
9242
9242
9243
9244
9247
9248
9248
9249
9251
9251
9251
9252
9252
9252
9252
9253
9256
9257
9257
9257
9258
9258
9259
9259
9259
9260
9265
9265
9265
9266
9269
9272
9272
9272
9273
9274
9275
9278
9278
9278
9279
9281
9282
9282
9282
9283
9283
9285
9285
9286
9286
9287
9287
9288
9289
9289
9292
9293
9295
9297
9299
9299
9300
9301
9303
9303
9304
9304
9304
9305
9306
9306
9306
9307
9307
9309
9310
9310
9315
9315
9316
9316
9317
9318
9319
9319
9319
9319
9320
9323
9327
9327
9330
9333
9334
9334
9335
9337
9339
9339
9342
9344
9344
9345
9346
9346
9348
9350
9351
9351
9353
9353
9355
9356
9358
9360
9360
9361
9362
9362
9362
9363
9365
9365
9366
9366
9368
9368
9369
9369
9369
9369
9370
9370
9370
9370
9371
9374
9374
9374
9375
9375
9376
9379
9380
9382
9382
9383
9385
9387
9387
9388
9389
9389
9390
9390
9391
9392
9392
9393
9393
9396
9397
9399
9399
9399
9400
9402
9402
9404
9404
9408
9409
9409
9409
9410
9411
9412
9413
9415
9416
9416
9417
9418
9419
9419
9421
9421
9421
9422
9423
9426
9426
9429
9429
9429
9430
9430
9431
9431
9433
9433
9435
9437
9439
9441
9442
9442
9443
9447
9447
9448
9448
9449
9450
9451
9453
9453
9454
9454
9454
9455
9455
9458
9459
9461
9464
9464
9464
9466
9467
9468
9469
9470
9471
9472
9473
9473
9474
9477
9478
9483
9483
9484
9486
9486
9487
9489
9489
9489
9490
9490
9490
9494
9495
9496
9496
9497
9497
9497
9498
9498
9501
9501
9505
9505
9506
9507
9508
9510
9516
9517
9517
9519
9520
9521
9521
9521
9522
9522
9522
9524
9524
9526
9526
9526
9527
9529
9531
9532
9532
9533
9535
9536
9536
9537
9538
9539
9539
9541
9541
9543
9544
9544
9545
9545
9545
9547
9547
9548
9548
9548
9548
9551
9551
9552
9555
9559
9560
9560
9560
9560
9561
9561
9562
9562
9564
9564
9565
9568
9569
9570
9573
9573
9576
9576
9576
9579
9580
9580
9581
9581
9581
9581
9582
9583
9584
9585
9585
9587
9587
9587
9587
9589
9590
9590
9591
9591
9592
9595
9595
9598
9599
9600
9600
9600
9602
9602
9604
9604
9605
9606
9613
9613
9614
9614
9614
9615
9616
9617
9617
9619
9619
9621
9622
9623
9623
9623
9627
9630
9630
9631
9631
9632
9632
9635
9637
9637
9637
9638
9639
9639
9643
9643
9644
9645
9647
9647
9648
9651
9651
9651
9652
9653
9653
9653
9654
9654
9655
9656
9659
9660
9661
9662
9663
9663
9663
9669
9669
9670
9670
9671
9672
9674
9674
9676
9677
9678
9680
9681
9682
9683
9683
9683
9685
9686
9686
9688
9689
9689
9689
9689
9690
9690
9690
9692
9693
9694
9695
9695
9697
9697
9699
9699
9699
9700
9701
9703
9705
9707
9707
9707
9707
9709
9710
9711
9711
9713
9714
9716
9716
9717
9717
9719
9719
9720
9720
9720
9721
9723
9725
9725
9725
9727
9728
9728
9730
9735
9735
9735
9737
9740
9740
9742
9742
9742
9742
9743
9744
9744
9744
9744
9745
9745
9745
9746
9748
9748
9750
9751
9752
9754
9755
9757
9759
9761
9761
9763
9763
9764
9766
9766
9769
9769
9772
9773
9775
9777
9777
9777
9778
9779
9779
9780
9780
9780
9782
9783
9784
9786
9786
9786
9788
9788
9791
9792
9792
9793
9794
9795
9796
9796
9796
9797
9798
9801
9802
9805
9805
9806
9806
9807
9807
9808
9809
9812
9813
9813
9814
9814
9814
9815
9815
9817
9818
9819
9820
9821
9822
9823
9824
9824
9824
9825
9826
9826
9828
9829
9829
9829
9830
9833
9835
9836
9839
9839
9839
9839
9839
9840
9841
9841
9842
9842
9843
9846
9846
9847
9847
9848
9849
9849
9850
9850
9851
9851
9852
9852
9853
9853
9854
9854
9854
9854
9854
9857
9857
9858
9859
9860
9860
9861
9861
9861
9862
9863
9865
9867
9867
9867
9867
9868
9868
9870
9872
9872
9874
9874
9876
9878
9879
9880
9881
9882
9883
9883
9884
9885
9885
9885
9886
9888
9890
9890
9891
9892
9895
9897
9898
9898
9899
9901
9903
9904
9906
9907
9907
9908
9909
9909
9909
9910
9910
9913
9913
9915
9916
9917
9917
9918
9918
9918
9922
9924
9924
9924
9925
9928
9928
9929
9930
9930
9931
9932
9937
9938
9939
9941
9942
9943
9945
9945
9945
9946
9947
9948
9949
9950
9952
9953
9954
9954
9956
9956
9956
9957
9960
9960
9962
9962
9963
9963
9964
9967
9969
9970
9971
9971
9972
9972
9973
9973
9975
9977
9978
9978
9980
9982
9982
9983
9984
9984
9985
9987
9987
9987
9988
9988
9989
9989
9991
9992
9993
9994
9995
9996
9997
9997
9998
9998
9998
10000
10001
10002
10003
10004
10004
10006
10007
10008
10008
10010
10010
10011
10012
10013
10014
10014
10014
10015
10019
10020
10021
10024
10024
10025
10026
10026
10026
10028
10032
10033
10035
10037
10037
10038
10041
10042
10043
10045
10048
10049
10049
10050
10051
10053
10056
10057
10058
10058
10058
10059
10060
10060
10062
10064
10064
10065
10070
10070
10070
10071
10073
10075
10078
10078
10078
10079
10079
10081
10082
10082
10085
10085
10085
10086
10086
10091
10091
10091
10092
10093
10093
10093
10094
10094
10095
10096
10097
10098
10098
10099
10100
10102
10104
10106
10106
10106
10107
10107
10108
10111
10111
10114
10115
10116
10116
10117
10118
10120
10121
10122
10122
10122
10124
10126
10126
10126
10129
10131
10132
10132
10132
10134
10134
10134
10135
10136
10138
10138
10138
10139
10139
10139
10140
10140
10140
10141
10142
10145
10146
10146
10148
10150
10152
10152
10152
10152
10152
10154
10155
10155
10156
10156
10157
10157
10158
10158
10161
10161
10162
10163
10164
10165
10168
10168
10168
10169
10171
10171
10172
10173
10174
10174
10175
10176
10177
10179
10180
10181
10183
10183
10183
10183
10184
10184
10186
10186
10186
10187
10188
10189
10190
10192
10192
10193
10196
10196
10198
10198
10199
10200
10201
10203
10203
10204
10206
10208
10208
10208
10210
10211
10211
10213
10213
10213
10213
10216
10219
10222
10223
10225
10226
10226
10227
10227
10231
10233
10233
10234
10234
10236
10237
10237
10240
10240
10240
10241
10243
10244
10246
10247
10248
10248
10250
10252
10253
10253
10255
10256
10256
10258
10259
10260
10261
10262
10262
10263
10264
10266
10266
10266
10266
10266
10266
10268
10268
10269
10270
10272
10278
10280
10280
10280
10280
10280
10281
10282
10284
10284
10284
10285
10286
10286
10287
10288
10288
10288
10289
10291
10293
10293
10294
10296
10297
10300
10300
10302
10302
10302
10303
10304
10304
10304
10305
10306
10306
10309
10311
10312
10313
10317
10317
10319
10319
10320
10320
10323
10324
10324
10326
10326
10326
10328
10330
10331
10331
10333
10333
10334
10334
10335
10336
10337
10339
10341
10341
10341
10343
10343
10344
10345
10346
10346
10347
10348
10349
10349
10350
10351
10351
10353
10354
10355
10357
10358
10358
10359
10361
10361
10361
10362
10363
10363
10363
10363
10365
10367
10368
10370
10370
10372
10374
10374
10375
10376
10378
10378
10378
10378
10378
10379
10379
10379
10379
10380
10380
10380
10382
10384
10386
10388
10388
10390
10390
10391
10394
10394
10395
10397
10397
10398
10398
10398
10401
10401
10403
10405
10406
10407
10408
10408
10408
10408
10409
10410
10411
10412
10412
10412
10413
10413
10413
10415
10415
10415
10417
10417
10418
10418
10418
10419
10420
10423
10423
10423
10424
10424
10424
10425
10429
10431
10434
10434
10434
10436
10437
10439
10440
10441
10442
10442
10446
10449
10450
10451
10454
10456
10457
10457
10458
10458
10458
10462
10465
10465
10470
10471
10472
10473
10474
10475
10476
10476
10477
10478
10478
10478
10479
10479
10482
10484
10484
10485
10486
10488
10490
10493
10493
10493
10494
10495
10498
10498
10499
10499
10499
10500
10501
10502
10502
10504
10504
10506
10507
10508
10509
10509
10510
10512
10514
10515
10515
10516
10516
10517
10520
10520
10520
10521
10523
10523
10526
10526
10527
10527
10528
10530
10530
10532
10534
10534
10536
10539
10540
10542
10544
10546
10547
10547
10547
10548
10549
10550
10550
10551
10551
10551
10552
10552
10553
10555
10555
10556
10557
10557
10557
10557
10558
10558
10558
10559
10559
10560
10563
10564
10568
10569
10569
10571
10571
10572
10572
10575
10575
10575
10575
10576
10576
10576
10577
10577
10583
10583
10583
10583
10584
10587
10588
10589
10590
10590
10591
10593
10593
10593
10596
10596
10599
10599
10601
10605
10606
10606
10610
10611
10612
10612
10613
10614
10615
10618
10620
10620
10623
10623
10623
10624
10625
10626
10631
10631
10632
10633
10634
10634
10634
10636
10637
10637
10639
10640
10641
10643
10644
10645
10646
10646
10648
10648
10651
10652
10652
10652
10653
10654
10654
10657
10658
10659
10660
10660
10660
10661
10663
10665
10666
10666
10668
10669
10669
10669
10670
10670
10670
10670
10673
10673
10674
10675
10677
10678
10678
10679
10680
10682
10683
10684
10684
10685
10685
10688
10690
10690
10692
10693
10693
10694
10694
10695
10695
10696
10698
10699
10703
10705
10705
10705
10705
10708
10709
10710
10711
10713
10713
10713
10714
10715
10718
10719
10720
10721
10722
10724
10724
10725
10726
10728
10728
10729
10733
10734
10734
10735
10736
10738
10738
10738
10739
10742
10742
10744
10745
10746
10746
10748
10750
10755
10756
10758
10758
10759
10759
10759
10760
10762
10763
10767
10768
10770
10770
10771
10772
10773
10773
10774
10779
10779
10782
10783
10783
10784
10785
10787
10787
10788
10790
10792
10793
10796
10797
10797
10797
10799
10800
10800
10806
10806
10806
10807
10809
10809
10809
10809
10810
10812
10813
10813
10814
10814
10815
10815
10815
10817
10819
10821
10822
10822
10822
10823
10825
10828
10829
10830
10832
10832
10834
10835
10835
10836
10837
10839
10840
10840
10840
10841
10841
10843
10843
10845
10846
10847
10847
10847
10848
10848
10849
10849
10849
10850
10852
10852
10852
10852
10854
10855
10855
10857
10857
10858
10860
10862
10862
10864
10866
10866
10867
10867
10867
10869
10870
10871
10872
10872
10872
10875
10878
10880
10880
10880
10881
10882
10882
10883
10886
10889
10891
10892
10893
10893
10893
10895
10896
10897
10899
10900
10900
10901
10903
10903
10904
10905
10906
10906
10907
10907
10908
10908
10910
10910
10913
10914
10918
10919
10920
10920
10921
10922
10922
10924
10926
10926
10927
10928
10930
10930
10931
10935
10936
10937
10937
10938
10940
10940
10942
10942
10943
10946
10946
10947
10948
10948
10949
10950
10952
10954
10955
10956
10958
10960
10960
10960
10961
10961
10963
10963
10965
10965
10966
10968
10969
10971
10972
10972
10972
10973
10973
10973
10974
10977
10979
10979
10980
10981
10982
10983
10985
10985
10987
10987
10988
10990
10990
10993
10996
10997
10998
10998
10999
11000
11000
11002
11003
11005
11005
11006
11006
11009
11010
11011
11011
11011
11011
11012
11013
11013
11013
11014
11014
11014
11018
11019
11019
11019
11019
11020
11021
11021
11022
11025
11025
11026
11026
11026
11027
11027
11030
11031
11031
11031
11031
11032
11034
11035
11035
11036
11037
11037
11038
11039
11040
11041
11042
11043
11043
11044
11045
11045
11047
11051
11051
11053
11056
11056
11057
11059
11060
11060
11060
11061
11062
11062
11062
11063
11064
11065
11066
11070
11070
11072
11074
11075
11075
11075
11076
11078
11078
11078
11080
11081
11085
11085
11086
11088
11091
11093
11094
11094
11095
11096
11098
11100
11104
11105
11106
11106
11107
11107
11107
11108
11108
11109
11109
11110
11111
11113
11116
11118
11118
11120
11122
11122
11122
11125
11125
11126
11128
11129
11130
11130
11131
11135
11137
11141
11145
11146
11149
11150
11151
11152
11153
11153
11156
11157
11157
11158
11159
11160
11160
11160
11160
11161
11161
11163
11163
11165
11165
11166
11169
11171
11171
11172
11172
11173
11174
11176
11177
11178
11179
11180
11183
11186
11189
11191
11192
11193
11195
11196
11198
11199
11200
11201
11202
11202
11203
11204
11204
11204
11205
11206
11210
11210
11211
11212
11213
11213
11216
11216
11217
11217
11217
11218
11218
11218
11218
11221
11222
11223
11224
11226
11226
11226
11227
11228
11228
11231
11231
11233
11235
11236
11236
11239
11239
11240
11240
11241
11241
11244
11245
11245
11247
11247
11249
11249
11251
11253
11253
11254
11254
11254
11254
11255
11255
11256
11256
11257
11258
11259
11260
11262
11263
11263
11264
11265
11265
11266
11266
11269
11269
11269
11270
11270
11271
11274
11275
11276
11276
11276
11277
11278
11280
11285
11286
11286
11289
11289
11290
11291
11291
11292
11294
11294
11295
11298
11299
11300
11301
11303
11303
11303
11308
11309
11311
11312
11312
11312
11317
11320
11321
11322
11322
11323
11325
11326
11326
11328
11329
11329
11330
11330
11331
11331
11331
11333
11336
11337
11337
11337
11339
11340
11340
11340
11340
11342
11342
11343
11347
11347
11348
11348
11349
11349
11350
11350
11351
11353
11353
11354
11355
11356
11356
11358
11358
11359
11359
11361
11368
11371
11372
11375
11375
11375
11376
11378
11378
11379
11379
11381
11382
11382
11384
11386
11388
11389
11389
11390
11392
11392
11394
11395
11395
11396
11396
11398
11398
11399
11400
11400
11401
11402
11403
11405
11405
11406
11406
11408
11408
11409
11410
11410
11410
11411
11412
11412
11412
11413
11414
11414
11414
11417
11418
11422
11422
11423
11424
11425
11426
11429
11430
11432
11434
11438
11440
11441
11442
11443
11443
11443
11445
11450
11450
11451
11453
11453
11454
11455
11456
11457
11457
11459
11460
11460
11462
11463
11464
11465
11466
11466
11468
11469
11470
11470
11471
11473
11473
11475
11476
11477
11478
11478
11478
11480
11480
11481
11481
11481
11484
11485
11486
11487
11487
11489
11489
11489
11490
11492
11493
11494
11496
11496
11498
11498
11498
11499
11499
11500
11502
11502
11503
11504
11505
11505
11505
11509
11510
11511
11511
11511
11512
11513
11515
11517
11518
11520
11523
11523
11523
11524
11524
11525
11525
11528
11528
11529
11530
11531
11532
11535
11536
11538
11538
11538
11540
11540
11542
11542
11543
11543
11545
11548
11548
11549
11549
11550
11552
11552
11553
11553
11554
11554
11555
11555
11556
11556
11560
11563
11564
11564
11565
11565
11566
11567
11567
11569
11569
11571
11572
11572
11573
11573
11573
11573
11574
11574
11575
11576
11577
11577
11583
11586
11587
11588
11589
11589
11589
11590
11591
11592
11593
11593
11594
11595
11596
11596
11597
11598
11598
11599
11600
11600
11601
11601
11603
11604
11605
11605
11605
11605
11606
11606
11606
11606
11607
11607
11610
11610
11610
11614
11616
11618
11618
11620
11620
11623
11625
11625
11626
11627
11628
11630
11632
11632
11634
11634
11635
11636
11637
11637
11637
11637
11638
11638
11639
11639
11639
11639
11639
11640
11640
11641
11642
11644
11645
11645
11646
11647
11647
11647
11647
11648
11648
11648
11650
11650
11654
11655
11655
11655
11656
11656
11657
11658
11659
11659
11660
11661
11661
11662
11662
11663
11663
11664
11666
11667
11668
11670
11672
11672
11673
11674
11676
11677
11679
11679
11681
11684
11685
11686
11687
11688
11690
11690
11690
11691
11692
11693
11694
11695
11695
11695
11696
11696
11698
11699
11700
11700
11701
11702
11702
11702
11705
11706
11707
11708
11708
11708
11709
11712
11712
11715
11717
11718
11718
11720
11724
11726
11727
11730
11731
11732
11734
11735
11735
11737
11738
11739
11741
11741
11744
11744
11744
11744
11745
11746
11746
11746
11749
11751
11751
11751
11752
11756
11757
11757
11759
11760
11761
11763
11765
11765
11768
11768
11772
11772
11776
11781
11781
11781
11782
11783
11786
11786
11787
11787
11788
11789
11790
11791
11794
11797
11798
11799
11799
11800
11800
11801
11801
11802
11802
11803
11803
11804
11804
11805
11806
11807
11808
11810
11811
11811
11812
11813
11815
11817
11817
11817
11818
11819
11820
11822
11822
11825
11826
11826
11826
11827
11828
11829
11829
11833
11833
11834
11837
11838
11840
11841
11841
11842
11843
11843
11843
11843
11844
11844
11845
11847
11850
11851
11851
11854
11854
11854
11855
11859
11859
11862
11862
11863
11864
11868
11868
11868
11868
11873
11873
11873
11873
11876
11876
11879
11879
11880
11880
11880
11881
11881
11882
11882
11883
11883
11883
11884
11884
11884
11885
11886
11887
11888
11889
11890
11891
11892
11892
11894
11895
11895
11895
11896
11901
11903
11905
11905
11906
11907
11910
11910
11911
11911
11912
11913
11913
11914
11914
11915
11918
11919
11919
11919
11920
11921
11921
11923
11924
11925
11926
11926
11927
11929
11929
11930
11930
11933
11933
11935
11936
11939
11940
11942
11942
11942
11942
11946
11946
11948
11953
11954
11954
11954
11955
11955
11956
11956
11958
11959
11959
11961
11961
11961
11962
11963
11964
11964
11964
11964
11964
11965
11966
11969
11969
11972
11972
11973
11974
11975
11975
11977
11978
11978
11979
11980
11981
11981
11982
11982
11984
11986
11988
11988
11988
11989
11989
11990
11993
11993
11995
11996
11996
11997
11998
11998
11998
11999
12000
12001
12003
12004
12004
12007
12007
12007
12009
12013
12013
12014
12014
12017
12017
12017
12017
12017
12017
12018
12018
12018
12019
12022
12025
12025
12025
12026
12027
12029
12029
12030
12032
12034
12035
12035
12036
12036
12036
12036
12037
12037
12038
12039
12039
12040
12040
12040
12041
12041
12041
12042
12042
12042
12046
12047
12048
12048
12049
12050
12053
12054
12054
12056
12056
12057
12058
12064
12068
12068
12069
12070
12071
12073
12073
12073
12074
12074
12075
12076
12076
12076
12078
12084
12086
12090
12091
12092
12093
12095
12095
12095
12096
12100
12103
12106
12106
12106
12107
12107
12112
12112
12114
12115
12116
12117
12118
12118
12118
12118
12119
12122
12122
12123
12125
12126
12126
12127
12128
12128
12129
12129
12131
12132
12134
12136
12137
12138
12139
12140
12141
12142
12142
12144
12144
12148
12148
12148
12149
12149
12150
12151
12151
12153
12153
12154
12155
12155
12155
12156
12157
12157
12157
12158
12161
12162
12166
12166
12166
12167
12167
12169
12169
12171
12171
12174
12177
12178
12179
12181
12182
12182
12184
12184
12184
12185
12185
12188
12188
12189
12190
12191
12191
12191
12193
12193
12194
12194
12195
12195
12195
12196
12196
12196
12198
12199
12199
12200
12202
12204
12204
12205
12206
12206
12207
12209
12210
12210
12210
12211
12212
12213
12214
12214
12214
12214
12215
12216
12216
12217
12218
12218
12219
12220
12220
12221
12222
12223
12223
12223
12223
12223
12223
12224
12225
12227
12227
12228
12228
12230
12231
12231
12235
12235
12236
12238
12238
12238
12238
12239
12240
12241
12241
12242
12243
12246
12247
12249
12249
12250
12251
12252
12253
12254
12255
12258
12261
12264
12265
12266
12266
12268
12270
12271
12272
12275
12275
12276
12277
12280
12282
12283
12286
12287
12287
12287
12292
12293
12294
12294
12294
12295
12295
12295
12296
12299
12299
12300
12301
12302
12303
12303
12304
12305
12305
12305
12305
12309
12309
12310
12310
12311
12311
12313
12313
12313
12316
12318
12319
12320
12321
12322
12322
12325
12326
12328
12328
12331
12333
12333
12333
12335
12335
12337
12337
12338
12338
12339
12345
12346
12348
12352
12352
12353
12354
12354
12355
12356
12358
12358
12360
12360
12360
12361
12362
12363
12365
12365
12368
12368
12370
12373
12374
12375
12375
12377
12377
12379
12380
12386
12387
12388
12390
12392
12393
12395
12396
12399
12399
12400
12401
12402
12405
12407
12408
12409
12410
12411
12411
12412
12413
12413
12414
12415
12415
12415
12416
12417
12421
12421
12421
12422
12422
12424
12425
12425
12426
12427
12427
12427
12428
12430
12431
12432
12433
12433
12435
12435
12436
12437
12437
12438
12439
12441
12442
12443
12445
12446
12447
12447
12449
12449
12457
12459
12459
12459
12460
12460
12461
12462
12462
12463
12463
12463
12463
12466
12468
12470
12470
12471
12474
12476
12476
12478
12481
12482
12482
12482
12482
12483
12484
12485
12485
12486
12486
12488
12488
12489
12490
12493
12493
12493
12496
12496
12498
12501
12501
12502
12502
12504
12504
12506
12506
12507
12508
12511
12511
12512
12513
12515
12515
12517
12518
12520
12522
12523
12524
12526
12526
12527
12528
12531
12532
12532
12533
12533
12534
12536
12537
12539
12539
12540
12540
12541
12546
12547
12547
12548
12549
12549
12550
12551
12551
12552
12553
12554
12555
12555
12555
12556
12556
12560
12561
12563
12563
12565
12566
12566
12566
12569
12569
12569
12570
12571
12575
12577
12577
12578
12578
12581
12582
12582
12586
12590
12590
12591
12591
12592
12592
12592
12593
12595
12595
12596
12597
12597
12599
12599
12599
12600
12601
12602
12603
12604
12604
12606
12609
12611
12611
12611
12612
12612
12613
12614
12614
12615
12615
12616
12617
12618
12619
12619
12619
12620
12622
12622
12623
12623
12623
12625
12625
12627
12627
12628
12630
12631
12632
12633
12633
12634
12634
12635
12640
12640
12641
12642
12642
12642
12645
12645
12646
12646
12647
12647
12647
12648
12650
12650
12651
12652
12653
12653
12654
12658
12658
12658
12658
12658
12660
12660
12660
12661
12661
12661
12662
12662
12662
12665
12666
12668
12668
12670
12671
12672
12672
12673
12675
12678
12679
12679
12679
12681
12682
12684
12684
12685
12685
12686
12687
12687
12690
12692
12692
12693
12694
12696
12697
12697
12697
12697
12698
12702
12703
12703
12703
12706
12706
12706
12706
12706
12706
12707
12708
12709
12710
12711
12712
12714
12714
12715
12717
12717
12718
12719
12720
12721
12721
12722
12723
12724
12724
12724
12725
12727
12727
12727
12728
12730
12731
12731
12732
12733
12734
12735
12736
12738
12739
12739
12739
12740
12740
12742
12743
12744
12744
12745
12746
12746
12748
12749
12751
12753
12753
12753
12755
12756
12756
12757
12758
12759
12760
12761
12762
12763
12766
12766
12767
12768
12768
12768
12769
12770
12770
12771
12771
12773
12773
12773
12776
12777
12778
12778
12780
12781
12783
12783
12785
12786
12788
12788
12789
12789
12789
12789
12790
12790
12790
12790
12790
12791
12791
12792
12794
12794
12795
12796
12797
12797
12798
12800
12800
12800
12801
12802
12803
12806
12808
12808
12809
12809
12809
12810
12810
12810
12813
12814
12815
12818
12819
12819
12820
12820
12821
12821
12823
12823
12828
12829
12830
12830
12834
12834
12834
12835
12835
12835
12836
12839
12841
12842
12842
12842
12843
12843
12844
12844
12847
12847
12847
12848
12848
12849
12850
12850
12851
12851
12852
12853
12853
12854
12855
12855
12855
12856
12859
12861
12861
12862
12862
12863
12867
12870
12870
12870
12871
12873
12874
12875
12875
12876
12877
12879
12882
12882
12883
12883
12884
12886
12886
12888
12891
12891
12892
12892
12893
12893
12894
12894
12894
12895
12896
12896
12896
12900
12900
12901
12902
12903
12903
12904
12906
12907
12907
12907
12908
12909
12910
12912
12913
12914
12914
12915
12916
12916
12917
12918
12920
12922
12923
12924
12926
12926
12926
12927
12927
12928
12928
12929
12930
12930
12930
12933
12935
12938
12938
12938
12939
12940
12940
12941
12944
12945
12946
12947
12947
12948
12948
12948
12951
12952
12955
12955
12955
12956
12956
12957
12958
12959
12959
12959
12961
12962
12963
12963
12963
12965
12966
12966
12967
12969
12969
12971
12971
12971
12973
12974
12974
12974
12975
12976
12977
12978
12980
12981
12981
12983
12984
12984
12985
12987
12987
12988
12988
12989
12992
12992
12992
12993
12994
12995
12996
12997
12999
13000
13003
13003
13003
13004
13009
13011
13012
13013
13013
13013
13014
13014
13014
13015
13018
13020
13020
13020
13020
13022
13024
13025
13026
13026
13026
13026
13026
13028
13029
13030
13030
13031
13033
13034
13034
13036
13036
13036
13038
13039
13042
13042
13042
13044
13047
13048
13050
13050
13051
13051
13051
13053
13053
13053
13054
13056
13057
13057
13059
13060
13062
13063
13064
13065
13067
13067
13068
13068
13069
13069
13069
13071
13072
13072
13073
13075
13076
13076
13077
13077
13078
13081
13082
13084
13087
13087
13088
13089
13093
13094
13096
13097
13097
13099
13099
13099
13100
13100
13100
13102
13102
13105
13107
13107
13110
13112
13112
13113
13113
13115
13115
13116
13120
13120
13121
13123
13125
13127
13129
13129
13135
13135
13136
13137
13137
13137
13139
13139
13139
13139
13141
13143
13144
13144
13145
13145
13146
13147
13148
13149
13151
13153
13153
13153
13154
13155
13158
13160
13161
13163
13165
13166
13166
13166
13168
13170
13170
13171
13171
13172
13172
13173
13173
13174
13175
13176
13176
13180
13183
13184
13184
13185
13185
13185
13186
13187
13189
13189
13190
13192
13194
13196
13196
13200
13201
13201
13201
13201
13202
13202
13202
13204
13204
13205
13206
13207
13207
13209
13210
13212
13212
13212
13215
13216
13218
13220
13220
13221
13221
13222
13223
13225
13225
13225
13225
13228
13230
13230
13230
13230
13230
13231
13231
13231
13232
13232
13233
13233
13234
13236
13236
13239
13241
13241
13242
13243
13244
13244
13246
13247
13247
13247
13249
13250
13251
13251
13252
13252
13252
13255
13255
13256
13257
13259
13261
13261
13263
13264
13264
13265
13265
13267
13267
13272
13272
13272
13272
13273
13277
13278
13278
13278
13279
13280
13280
13285
13285
13285
13285
13287
13288
13289
13289
13291
13292
13292
13292
13293
13293
13294
13297
13297
13297
13298
13299
13299
13300
13300
13303
13304
13304
13304
13305
13306
13306
13307
13307
13307
13308
13310
13311
13312
13312
13313
13313
13314
13314
13314
13315
13315
13315
13317
13317
13319
13320
13321
13321
13322
13322
13325
13325
13327
13328
13328
13329
13329
13331
13331
13332
13334
13334
13335
13335
13336
13336
13337
13338
13340
13341
13341
13341
13342
13344
13345
13346
13346
13346
13346
13346
13347
13347
13348
13349
13349
13349
13350
13352
13355
13355
13356
13357
13357
13359
13359
13360
13361
13361
13362
13363
13363
13363
13365
13366
13366
13367
13368
13370
13371
13372
13372
13373
13373
13374
13376
13376
13377
13379
13380
13380
13381
13381
13383
13385
13387
13391
13391
13395
13395
13396
13397
13398
13398
13399
13400
13401
13403
13404
13405
13406
13406
13407
13410
13411
13412
13412
13414
13416
13418
13420
13422
13424
13425
13426
13428
13428
13430
13430
13431
13433
13433
13433
13435
13435
13438
13440
13441
13441
13441
13442
13443
13443
13443
13443
13444
13444
13444
13445
13445
13446
13447
13448
13450
13450
13451
13453
13453
13454
13455
13456
13457
13462
13463
13463
13463
13464
13466
13466
13466
13466
13469
13470
13470
13471
13473
13474
13474
13475
13475
13477
13477
13481
13482
13482
13482
13486
13487
13489
13489
13489
13490
13491
13492
13492
13493
13493
13493
13494
13495
13496
13499
13499
13500
13501
13502
13503
13504
13504
13505
13505
13505
13506
13506
13506
13507
13507
13508
13512
13512
13514
13514
13516
13518
13518
13520
13521
13522
13523
13524
13526
13528
13533
13534
13535
13535
13539
13540
13541
13543
13545
13546
13546
13546
13547
13550
13550
13551
13552
13556
13556
13558
13558
13559
13561
13563
13565
13565
13568
13568
13569
13569
13569
13569
13570
13571
13572
13572
13577
13581
13582
13582
13582
13583
13584
13587
13588
13589
13589
13591
13592
13592
13594
13595
13595
13595
13596
13597
13599
13599
13600
13601
13603
13604
13604
13605
13606
13606
13607
13609
13610
13612
13612
13613
13613
13614
13615
13616
13617
13618
13618
13618
13621
13621
13621
13622
13623
13623
13624
13625
13625
13626
13627
13627
13628
13628
13628
13632
13635
13637
13638
13639
13640
13641
13641
13642
13643
13643
13644
13644
13644
13646
13648
13649
13650
13652
13654
13655
13655
13656
13657
13658
13661
13661
13661
13662
13662
13664
13666
13666
13666
13667
13667
13667
13668
13669
13671
13672
13674
13675
13675
13676
13676
13677
13677
13678
13678
13680
13681
13682
13682
13682
13682
13684
13684
13685
13686
13686
13687
13688
13691
13691
13691
13694
13695
13697
13698
13699
13700
13703
13706
13707
13708
13708
13710
13711
13713
13714
13717
13719
13719
13720
13722
13724
13724
13724
13726
13726
13727
13728
13728
13728
13729
13730
13730
13730
13733
13733
13735
13735
13735
13736
13736
13736
13737
13738
13740
13741
13741
13742
13742
13744
13746
13747
13749
13750
13751
13751
13752
13753
13754
13756
13756
13757
13758
13759
13759
13760
13761
13764
13766
13766
13766
13766
13767
13767
13767
13768
13772
13773
13773
13774
13774
13774
13775
13776
13777
13778
13781
13786
13786
13786
13787
13787
13787
13788
13788
13789
13790
13790
13790
13791
13792
13795
13795
13797
13798
13798
13800
13801
13801
13801
13801
13802
13803
13803
13804
13805
13806
13807
13809
13809
13809
13810
13811
13811
13812
13812
13814
13814
13814
13814
13816
13816
13817
13818
13818
13819
13819
13820
13820
13823
13824
13827
13829
13829
13830
13830
13831
13831
13834
13834
13835
13836
13837
13839
13841
13842
13844
13845
13848
13850
13851
13853
13853
13854
13856
13859
13860
13860
13861
13863
13863
13864
13866
13866
13866
13867
13868
13868
13870
13871
13872
13872
13877
13877
13878
13878
13878
13879
13880
13881
13881
13881
13881
13882
13883
13883
13883
13883
13883
13884
13885
13885
13885
13886
13888
13891
13893
13893
13894
13895
13896
13896
13898
13898
13898
13899
13900
13900
13900
13902
13902
13904
13904
13905
13906
13908
13908
13909
13909
13910
13914
13914
13916
13916
13916
13917
13918
13919
13921
13922
13922
13923
13924
13925
13925
13927
13928
13931
13931
13931
13933
13934
13935
13936
13937
13938
13938
13941
13943
13944
13945
13945
13946
13948
13948
13949
13950
13950
13951
13953
13954
13954
13954
13955
13956
13957
13958
13959
13959
13960
13962
13963
13963
13963
13964
13964
13965
13965
13966
13967
13969
13970
13970
13971
13971
13972
13973
13973
13973
13974
13974
13974
13975
13977
13979
13979
13980
13983
13983
13984
13988
13988
13988
13989
13990
13994
13995
13995
13995
13996
13996
13997
13998
13998
13999
14002
14002
14002
14002
14003
14003
14005
14005
14005
14005
14006
14007
14007
14008
14009
14009
14010
14011
14011
14011
14016
14017
14018
14019
14020
14020
14021
14022
14022
14023
14024
14025
14025
14026
14028
14031
14032
14033
14034
14036
14036
14037
14037
14037
14037
14037
14037
14038
14039
14040
14042
14043
14043
14046
14047
14048
14049
14049
14050
14050
14052
14052
14057
14057
14058
14060
14061
14062
14062
14062
14063
14063
14065
14066
14067
14068
14071
14071
14074
14075
14077
14077
14079
14079
14079
14080
14080
14081
14083
14084
14086
14092
14094
14095
14096
14098
14099
14101
14101
14102
14102
14103
14103
14104
14105
14106
14107
14107
14107
14108
14108
14113
14113
14115
14117
14117
14118
14118
14119
14121
14121
14123
14124
14124
14126
14126
14127
14128
14128
14129
14130
14131
14132
14133
14133
14134
14134
14137
14143
14144
14144
14146
14147
14149
14150
14152
14153
14157
14159
14160
14160
14161
14161
14161
14162
14164
14165
14165
14167
14167
14168
14169
14171
14171
14172
14172
14173
14174
14175
14175
14177
14179
14179
14180
14183
14184
14185
14185
14187
14187
14187
14187
14187
14188
14189
14193
14194
14195
14196
14197
14197
14198
14198
14200
14200
14201
14201
14202
14203
14203
14203
14203
14204
14205
14207
14207
14207
14208
14209
14209
14209
14213
14213
14215
14218
14224
14224
14228
14230
14230
14230
14232
14232
14233
14235
14238
14240
14242
14246
14247
14248
14250
14250
14250
14251
14251
14252
14253
14253
14254
14255
14256
14258
14258
14260
14261
14261
14262
14262
14263
14263
14263
14266
14266
14266
14267
14269
14269
14270
14271
14272
14272
14272
14273
14273
14273
14273
14274
14275
14276
14276
14276
14277
14281
14283
14285
14286
14287
14287
14290
14290
14291
14294
14294
14296
14297
14297
14300
14300
14300
14301
14301
14302
14302
14303
14303
14303
14303
14304
14306
14306
14306
14307
14307
14307
14307
14308
14309
14309
14309
14310
14310
14312
14313
14315
14317
14317
14318
14318
14321
14321
14321
14322
14322
14322
14322
14324
14327
14330
14331
14332
14334
14335
14335
14336
14337
14339
14339
14341
14343
14344
14345
14346
14347
14348
14348
14349
14350
14351
14352
14353
14353
14354
14354
14355
14355
14356
14356
14357
14358
14358
14361
14361
14362
14362
14363
14368
14368
14368
14370
14372
14372
14373
14374
14374
14375
14376
14376
14376
14377
14378
14380
14381
14386
14386
14388
14388
14388
14391
14392
14392
14393
14393
14393
14394
14394
14401
14402
14403
14404
14404
14405
14405
14405
14406
14406
14408
14408
14409
14412
14413
14413
14414
14415
14416
14418
14418
14418
14419
14421
14421
14422
14422
14423
14425
14425
14427
14427
14428
14429
14432
14432
14432
14433
14435
14436
14436
14437
14437
14438
14438
14441
14442
14443
14443
14443
14444
14447
14448
14448
14450
14452
14453
14453
14453
14457
14458
14459
14460
14463
14463
14463
14463
14464
14464
14465
14465
14467
14468
14469
14469
14470
14471
14475
14476
14476
14477
14479
14481
14482
14482
14483
14484
14485
14486
14488
14489
14491
14491
14494
14494
14494
14496
14498
14498
14500
14501
14503
14504
14504
14504
14505
14514
14515
14516
14516
14516
14516
14517
14518
14519
14520
14521
14526
14527
14527
14528
14528
14529
14529
14530
14532
14532
14532
14535
14535
14536
14537
14538
14538
14540
14541
14542
14543
14543
14544
14544
14545
14545
14545
14548
14548
14550
14550
14552
14552
14552
14553
14553
14554
14555
14555
14555
14556
14558
14560
14560
14561
14562
14563
14564
14565
14565
14565
14567
14567
14568
14568
14569
14570
14570
14572
14573
14574
14577
14577
14578
14579
14580
14581
14583
14584
14584
14584
14584
14585
14587
14587
14588
14588
14591
14592
14594
14597
14598
14598
14605
14609
14609
14609
14609
14610
14610
14611
14611
14612
14612
14613
14613
14615
14617
14617
14619
14619
14619
14619
14619
14621
14621
14622
14623
14623
14624
14624
14626
14626
14626
14628
14634
14634
14636
14636
14637
14638
14639
14642
14642
14643
14645
14646
14646
14649
14649
14650
14650
14650
14651
14652
14655
14656
14657
14658
14659
14660
14661
14663
14663
14666
14668
14668
14669
14669
14670
14672
14672
14672
14674
14674
14676
14678
14680
14680
14684
14685
14687
14687
14688
14690
14691
14691
14692
14692
14693
14694
14694
14695
14699
14699
14701
14701
14702
14702
14703
14703
14704
14704
14706
14706
14707
14707
14707
14707
14708
14712
14713
14713
14715
14715
14715
14717
14717
14717
14717
14721
14721
14726
14728
14728
14732
14732
14733
14736
14736
14738
14739
14739
14739
14739
14739
14739
14740
14741
14743
14744
14744
14746
14747
14749
14751
14751
14751
14751
14752
14755
14755
14756
14756
14758
14759
14759
14759
14759
14760
14761
14761
14765
14765
14768
14768
14773
14773
14774
14776
14777
14778
14779
14780
14781
14781
14782
14784
14784
14784
14784
14787
14787
14787
14788
14790
14790
14790
14792
14792
14793
14794
14795
14796
14797
14797
14797
14798
14799
14799
14800
14801
14806
14806
14807
14808
14809
14809
14811
14811
14812
14814
14814
14815
14815
14817
14818
14818
14819
14819
14819
14819
14821
14822
14822
14822
14823
14824
14824
14824
14825
14826
14829
14832
14833
14834
14836
14837
14837
14838
14838
14838
14838
14841
14842
14842
14843
14843
14844
14844
14845
14848
14851
14852
14853
14853
14854
14855
14855
14857
14857
14860
14862
14863
14863
14864
14864
14864
14866
14867
14867
14867
14869
14870
14871
14871
14874
14874
14878
14881
14882
14886
14886
14890
14892
14893
14894
14895
14896
14896
14897
14900
14902
14902
14903
14905
14905
14906
14906
14906
14907
14908
14909
14911
14911
14912
14914
14917
14918
14921
14922
14922
14923
14923
14925
14927
14927
14928
14928
14928
14928
14931
14931
14931
14932
14932
14934
14934
14935
14936
14937
14938
14939
14940
14941
14945
14945
14945
14946
14947
14947
14949
14949
14951
14951
14952
14953
14954
14956
14957
14958
14959
14959
14959
14964
14966
14966
14967
14971
14972
14973
14974
14974
14976
14976
14982
14982
14983
14983
14983
14985
14985
14986
14987
14988
14988
14989
14990
14991
14993
14995
14995
14996
14997
14998
15002
15002
15005
15005
15006
15008
15009
15009
15011
15012
15012
15012
15014
15014
15014
15015
15015
15016
15019
15020
15021
15024
15026
15026
15026
15028
15031
15033
15034
15034
15035
15037
15040
15041
15042
15046
15047
15049
15049
15051
15053
15054
15055
15056
15057
15058
15059
15059
15060
15062
15062
15062
15063
15063
15064
15066
15066
15067
15067
15068
15070
15070
15070
15070
15071
15072
15072
15073
15077
15078
15080
15080
15082
15083
15083
15084
15084
15084
15085
15088
15089
15090
15090
15091
15091
15091
15091
15094
15094
15094
15095
15097
15103
15103
15103
15106
15109
15110
15116
15116
15119
15120
15120
15120
15120
15120
15121
15121
15121
15122
15123
15123
15123
15124
15124
15125
15127
15127
15129
15132
15132
15134
15134
15135
15135
15135
15136
15138
15138
15140
15140
15141
15144
15144
15144
15145
15150
15150
15151
15151
15152
15153
15154
15155
15155
15155
15158
15158
15159
15161
15163
15165
15165
15167
15170
15171
15172
15172
15173
15174
15174
15174
15175
15175
15175
15176
15177
15180
15180
15180
15180
15182
15184
15184
15186
15187
15188
15188
15188
15189
15189
15190
15191
15191
15191
15194
15197
15197
15199
15199
15199
15200
15200
15202
15203
15203
15204
15205
15205
15205
15206
15209
15210
15212
15214
15216
15220
15221
15222
15223
15224
15227
15229
15230
15231
15231
15233
15235
15237
15237
15238
15239
15239
15239
15241
15243
15247
15249
15251
15252
15254
15255
15257
15257
15257
15259
15259
15260
15262
15262
15263
15263
15265
15265
15265
15265
15265
15265
15267
15267
15268
15269
15271
15272
15276
15277
15277
15278
15279
15283
15283
15284
15285
15286
15287
15287
15288
15289
15291
15291
15291
15291
15294
15294
15295
15297
15297
15298
15299
15302
15302
15303
15304
15304
15305
15306
15307
15309
15310
15311
15311
15311
15311
15313
15314
15314
15314
15315
15315
15317
15318
15321
15321
15322
15322
15324
15325
15325
15327
15327
15327
15328
15330
15331
15332
15333
15334
15336
15337
15337
15338
15342
15343
15344
15345
15346
15346
15348
15348
15348
15349
15349
15353
15353
15354
15355
15356
15357
15357
15358
15359
15360
15361
15363
15363
15365
15366
15366
15367
15368
15369
15370
15371
15372
15373
15373
15373
15374
15374
15374
15374
15374
15376
15376
15377
15379
15380
15380
15383
15387
15387
15387
15394
15396
15396
15396
15397
15398
15398
15399
15399
15400
15400
15400
15401
15402
15402
15404
15405
15407
15408
15409
15410
15410
15412
15412
15414
15415
15417
15420
15420
15420
15422
15422
15424
15425
15426
15428
15428
15429
15430
15432
15432
15433
15435
15436
15438
15439
15441
15442
15442
15443
15443
15445
15445
15445
15446
15452
15454
15454
15454
15455
15455
15456
15457
15457
15461
15465
15465
15465
15472
15472
15475
15475
15475
15476
15478
15482
15482
15483
15486
15487
15488
15489
15489
15490
15493
15495
15496
15496
15496
15496
15497
15498
15498
15499
15499
15499
15500
15500
15501
15502
15503
15503
15505
15508
15509
15510
15512
15512
15513
15515
15515
15518
15519
15520
15520
15521
15524
15526
15527
15527
15529
15530
15530
15530
15532
15533
15533
15534
15534
15535
15536
15537
15537
15538
15539
15539
15540
15545
15546
15546
15547
15547
15549
15549
15551
15553
15554
15555
15555
15555
15556
15556
15556
15557
15558
15559
15562
15563
15564
15565
15566
15566
15568
15570
15570
15573
15575
15575
15576
15576
15577
15578
15578
15578
15579
15580
15580
15581
15584
15584
15586
15588
15591
15592
15593
15593
15596
15597
15599
15599
15600
15601
15602
15602
15603
15605
15606
15606
15608
15609
15609
15610
15610
15610
15610
15611
15612
15613
15614
15615
15615
15616
15617
15618
15619
15620
15621
15622
15623
15623
15624
15624
15626
15628
15628
15630
15631
15633
15633
15634
15634
15635
15635
15635
15636
15638
15641
15642
15642
15642
15643
15643
15643
15643
15644
15644
15644
15647
15649
15649
15650
15650
15652
15653
15653
15653
15654
15655
15655
15656
15657
15658
15659
15660
15661
15661
15661
15661
15664
15666
15666
15669
15670
15671
15673
15674
15675
15676
15677
15678
15680
15683
15683
15684
15684
15684
15691
15692
15692
15695
15695
15697
15697
15698
15698
15699
15700
15701
15701
15701
15705
15705
15705
15706
15707
15709
15710
15711
15712
15713
15717
15718
15718
15719
15720
15721
15721
15722
15723
15724
15725
15728
15728
15731
15732
15732
15732
15734
15734
15736
15738
15738
15739
15739
15740
15740
15740
15741
15741
15744
15745
15745
15745
15746
15749
15749
15750
15751
15752
15753
15755
15756
15757
15762
15762
15763
15763
15765
15767
15770
15771
15772
15774
15775
15777
15779
15780
15782
15783
15783
15784
15784
15786
15787
15787
15789
15791
15791
15792
15793
15794
15800
15801
15803
15806
15808
15808
15809
15809
15810
15810
15811
15813
15814
15814
15814
15815
15816
15818
15819
15820
15821
15822
15822
15822
15823
15824
15826
15826
15827
15829
15831
15832
15832
15834
15835
15836
15836
15837
15840
15841
15843
15843
15843
15843
15845
15845
15848
15850
15851
15852
15852
15854
15856
15857
15859
15860
15861
15862
15862
15862
15865
15866
15869
15869
15870
15871
15872
15873
15874
15874
15874
15876
15876
15876
15878
15879
15880
15881
15886
15886
15886
15886
15887
15889
15891
15891
15892
15892
15893
15895
15895
15895
15896
15898
15898
15898
15899
15901
15901
15902
15903
15904
15904
15906
15906
15907
15908
15910
15910
15914
15914
15914
15915
15916
15916
15917
15918
15918
15920
15920
15920
15921
15921
15922
15922
15923
15923
15923
15924
15925
15925
15926
15928
15928
15928
15929
15931
15932
15934
15934
15934
15935
15936
15937
15937
15938
15939
15941
15941
15941
15941
15941
15942
15942
15942
15942
15943
15943
15944
15945
15945
15946
15946
15947
15948
15950
15950
15951
15952
15953
15956
15957
15957
15958
15958
15960
15960
15961
15961
15962
15963
15963
15963
15964
15964
15964
15964
15965
15965
15967
15968
15969
15969
15970
15970
15970
15971
15971
15971
15974
15974
15975
15975
15976
15979
15980
15980
15980
15983
15983
15984
15984
15985
15986
15987
15989
15991
15993
15994
15994
15994
15996
15997
15998
15998
15998
15999
16000
16001
16003
16004
16006
16007
16008
16008
16008
16009
16012
16014
16014
16016
16017
16018
16019
16023
16025
16025
16026
16026
16027
16027
16027
16027
16028
16028
16028
16029
16029
16032
16032
16034
16035
16035
16036
16037
16037
16039
16040
16041
16041
16041
16042
16044
16046
16048
16048
16049
16049
16051
16053
16053
16055
16056
16057
16057
16059
16060
16062
16063
16063
16066
16066
16067
16068
16068
16068
16068
16068
16072
16073
16073
16075
16075
16078
16081
16081
16082
16082
16082
16086
16087
16089
16090
16091
16092
16093
16094
16094
16094
16095
16097
16099
16099
16099
16100
16102
16102
16104
16107
16107
16108
16110
16110
16111
16111
16111
16112
16113
16114
16114
16114
16115
16116
16117
16119
16120
16121
16121
16122
16122
16122
16123
16124
16124
16124
16124
16125
16125
16125
16125
16126
16126
16131
16132
16133
16134
16138
16138
16138
16139
16140
16141
16143
16144
16144
16145
16147
16147
16147
16148
16148
16148
16149
16152
16154
16154
16155
16156
16156
16156
16158
16159
16162
16162
16164
16167
16168
16168
16170
16170
16172
16172
16173
16173
16175
16177
16178
16178
16180
16180
16180
16181
16182
16182
16183
16183
16184
16184
16185
16185
16186
16186
16187
16187
16188
16189
16189
16191
16194
16194
16195
16196
16196
16197
16197
16197
16198
16198
16198
16200
16200
16202
16202
16206
16207
16209
16210
16211
16211
16214
16214
16214
16215
16216
16217
16219
16220
16221
16221
16221
16221
16222
16222
16223
16223
16225
16226
16226
16226
16227
16227
16228
16228
16228
16229
16230
16232
16233
16234
16234
16235
16235
16236
16236
16237
16238
16239
16241
16242
16243
16243
16243
16244
16245
16245
16247
16248
16249
16249
16250
16250
16251
16252
16253
16254
16255
16257
16258
16259
16260
16260
16260
16261
16263
16266
16266
16266
16266
16267
16268
16268
16270
16270
16271
16272
16273
16274
16275
16276
16276
16276
16279
16280
16281
16281
16282
16283
16284
16286
16286
16288
16288
16291
16294
16294
16294
16295
16298
16299
16299
16299
16301
16301
16301
16301
16302
16304
16305
16306
16308
16308
16308
16308
16308
16309
16310
16310
16313
16316
16317
16319
16320
16322
16326
16328
16330
16330
16331
16334
16336
16336
16336
16340
16341
16342
16343
16344
16345
16347
16347
16348
16349
16349
16350
16351
16351
16352
16354
16354
16354
16356
16359
16360
16361
16361
16363
16368
16369
16370
16370
16372
16372
16373
16373
16373
16374
16375
16376
16378
16378
16379
16379
16381
16382
